0.19
0.2
0.2
0.2
0.2
0.2
0.2
0.2
0.2
0.2
0.2
0.2
0.19
0.19
0.19
0.19
0.19
0.19
0.19
0.19
0.19
0.19
0.19
0.19
0.19
0.19
0.19
0.19
0.19
0.19
0.19
0.19
0.19
0.19
0.19
0.19
0.19
0.2
0.2
0.2
0.2
0.2
0.2
0.2
0.2
0.2
0.2
0.2
0.2
0.2
0.2
0.2
0.2
0.2
0.2
0.2
0.2
0.2
0.2
0.2
0.2
0.2
0.2
0.2
0.2
0.2
0.2
0.2
0.2
0.2
0.2
0.2
0.19
0.19
0.19
0.19
0.19
0.19
0.19
0.19
0.19
0.18
0.18
0.18
0.18
0.18
0.18
0.17
0.17
0.17
0.17
0.17
0.17
0.17
0.17
0.17
0.17
0.17
0.17
0.17
0.17
0.16
0.16
0.16
0.16
0.16
0.16
0.16
0.16
0.16
0.16
0.16
0.16
0.16
0.16
0.16
0.15
0.15
0.15
0.15
0.15
0.15
0.15
0.15
0.15
0.15
0.15
0.15
0.15
0.15
0.15
0.15
0.15
0.14
0.14
0.14
0.14
0.14
0.14
0.14
0.14
0.14
0.14
0.14
0.14
0.14
0.14
0.14
0.14
0.14
0.14
0.14
0.14
0.14
0.14
0.14
0.14
0.14
0.14
0.14
0.15
0.15
0.15
0.15
0.15
0.15
0.16
0.3
0.53
0.76
1.08
1.6
2.27
3.03
4.03
5.27
6.8
8.56
10.54
12.76
15.08
17.44
19.88
22.46
25.06
27.63
30.18
32.58
34.67
37.19
39.78
42.39
44.78
46.95
48.86
50.57
51.99
53.21
54.4
54.96
55.23
55.28
55.29
55.31
55.31
55.34
55.34
55.37
55.37
55.41
55.41
55.45
55.45
55.49
55.49
55.53
55.53
55.58
55.58
55.62
55.62
55.67
55.62
55.62
55.58
55.58
55.58
55.61
55.61
55.61
55.59
55.6
55.58
55.61
55.61
55.64
55.62
55.62
55.6
55.61
55.61
55.62
55.63
55.63
55.63
55.63
55.63
55.62
55.62
55.61
55.63
55.62
55.64
55.64
55.64
55.63
55.64
55.63
55.64
55.64
55.65
55.64
55.64
55.63
55.64
55.64
55.65
55.64
55.65
55.64
55.65
55.64
55.65
55.65
55.67
55.67
55.67
55.66
55.67
55.66
55.67
55.66
55.67
55.66
55.66
55.64
55.64
55.62
55.62
55.6
55.6
55.59
55.59
55.57
55.57
55.55
55.55
55.53
55.53
55.52
55.52
55.5
55.49
55.42
54.64
53.58
52.63
51.75
51.36
51.36
51.37
51.37
51.38
51.38
51.37
51.29
50.95
50.42
49.81
48.83
47.84
47.0
46.18
45.43
44.54
43.68
42.82
42.02
41.55
41.55
41.55
41.55
41.55
41.55
41.55
42.26
43.03
43.81
44.72
45.67
46.41
47.24
48.08
48.21
48.21
48.21
48.21
48.21
48.21
48.21
48.21
48.21
48.2
48.2
48.53
49.47
50.24
50.53
50.06
49.13
47.8
46.6
45.58
44.39
43.21
41.96
40.72
39.53
38.38
37.24
37.07
37.07
37.07
37.07
37.07
37.07
37.07
36.95
36.13
35.25
32.46
28.4
24.33
20.28
16.19
12.1
8.16
4.15
0.02
-4.76
-7.77
-9.35
-11.28
-13.14
-14.88
-16.51
-18.14
-19.62
-20.96
-21.56
-22.02
-22.43
-22.49
-22.52
-22.52
-22.53
-22.53
-22.53
-22.54
-22.54
-22.54
-22.54
-22.54
-22.55
-22.55
-22.55
-22.55
-22.55
-22.55
-22.56
-22.56
-22.56
-22.56
-22.56
-22.56
-22.56
-22.55
-22.55
-22.55
-22.55
-22.55
-22.55
-22.55
-22.54
-22.54
-22.54
-22.54
-22.54
-22.54
-22.54
-22.55
-22.55
-22.55
-22.55
-22.55
-22.56
-22.56
-22.56
-22.56
-22.56
-22.56
-22.57
-22.57
-22.57
-22.57
-22.57
-22.58
-22.58
-22.58
-22.59
-22.59
-22.6
-22.61
-22.61
-22.61
-22.61
-22.61
-22.61
-22.61
-22.61
-22.61
-22.61
-22.62
-22.62
-22.63
-22.64
-22.65
-22.65
-22.66
-22.66
-22.66
-22.67
-22.67
-22.67
-22.67
-22.67
-22.68
-22.68
-22.68
-22.68
-22.68
-22.68
-22.68
-22.68
-22.68
-22.68
-22.68
-22.68
-22.68
-22.68
-22.68
-22.68
-22.68
-22.68
-22.68
-22.68
-22.68
-22.68
-22.67
-22.67
-22.64
-22.13
-21.36
-20.49
-19.47
-17.91
-16.2
-14.45
-12.25
-9.95
-7.65
-5.44
-3.43
-1.37
0.56
2.43
4.19
6.31
8.09
9.83
11.59
13.1
15.65
18.66
22.09
25.61
29.45
33.13
36.78
40.36
43.96
47.87
50.94
53.49
55.62
57.17
58.39
59.39
60.32
61.25
62.11
62.52
62.69
62.77
62.81
62.86
62.88
62.88
62.88
62.88
62.88
62.88
62.88
62.88
62.88
62.88
62.88
62.88
62.88
62.88
62.88
62.88
62.88
62.84
62.79
62.75
62.75
62.75
61.94
59.88
57.58
57.06
57.01
57.04
57.04
57.04
56.07
53.93
51.01
48.06
45.13
42.19
39.7
37.35
36.57
36.57
36.57
36.57
36.57
36.57
36.57
36.57
36.57
36.57
36.57
36.57
36.57
36.57
36.57
37.28
38.95
39.59
39.59
39.59
39.59
39.59
39.59
39.59
39.59
39.59
39.59
39.59
39.59
39.59
39.59
39.32
39.03
38.65
38.57
38.57
37.47
35.22
33.11
31.26
29.91
28.59
28.02
27.89
27.91
28.48
29.01
29.91
31.13
32.54
32.94
32.98
32.98
32.98
32.98
32.98
32.98
32.98
32.98
32.98
32.98
32.98
32.98
32.98
32.98
32.98
33.1
35.63
38.53
41.1
42.35
42.8
42.93
43.31
43.31
43.31
43.31
43.31
43.31
43.31
43.31
43.31
43.31
43.31
43.31
43.4
46.46
49.89
52.15
53.03
53.03
53.03
53.03
53.03
53.03
52.69
50.83
47.27
43.72
39.99
35.77
31.69
27.48
24.57
21.68
19.59
17.46
15.21
13.03
11.36
10.36
9.33
8.13
6.97
5.74
4.31
2.86
1.7
-0.06
-1.96
-3.98
-5.81
-7.41
-9.07
-10.66
-12.14
-13.54
-14.91
-15.98
-16.87
-17.63
-18.32
-18.95
-19.51
-20.07
-20.5
-20.93
-21.36
-21.49
-21.59
-21.69
-21.76
-21.82
-21.92
-22.04
-22.14
-22.23
-22.31
-22.39
-22.47
-22.54
-22.61
-22.68
-22.68
-22.68
-22.68
-22.68
-22.68
-22.68
-22.68
-22.69
-22.69
-22.69
-22.69
-22.69
-22.69
-22.69
-22.69
-22.69
-22.7
-22.71
-22.72
-22.75
-22.82
-22.82
-22.82
-22.82
-22.8
-22.76
-22.76
-22.76
-22.76
-22.79
-22.91
-22.92
-22.92
-22.92
-22.92
-22.93
-23.01
-23.01
-23.01
-23.14
-23.31
-23.49
-23.71
-23.93
-23.93
-23.93
-23.93
-24.15
-24.39
-24.69
-24.69
-24.76
-24.76
-24.66
-24.36
-24.26
-24.05
-23.92
-23.92
-23.92
-23.92
-23.92
-23.92
-23.67
-23.43
-23.2
-23.0
-22.83
-22.72
-22.64
-22.59
-22.44
-22.1
-21.73
-21.25
-20.16
-19.91
-19.91
-19.91
-19.91
-19.91
-19.91
-19.91
-19.91
-19.91
-18.88
-17.29
-15.61
-13.63
-11.63
-9.43
-7.14
-4.74
-2.45
-0.95
0.84
2.68
4.59
6.22
8.03
9.79
11.56
13.32
15.28
17.24
19.15
21.2
23.5
25.21
27.12
29.27
30.23
30.8
30.8
30.8
30.8
30.8
30.8
30.8
33.85
38.45
43.08
47.46
51.33
54.42
57.09
59.47
61.01
62.09
62.91
63.27
63.29
63.29
63.3
63.31
63.31
63.31
63.31
63.31
63.32
63.32
63.32
63.32
63.32
63.32
63.32
63.33
63.33
63.33
63.33
63.33
63.33
63.32
63.32
63.32
63.32
63.32
63.32
63.32
63.31
63.31
63.31
63.3
63.3
63.3
63.3
63.3
63.3
63.3
63.3
63.3
63.3
63.3
63.31
63.31
63.31
63.31
63.31
63.31
63.31
63.31
63.32
63.32
63.32
63.32
63.32
63.32
63.33
63.33
63.33
63.34
63.35
63.35
63.36
63.37
63.37
63.37
63.38
63.39
63.4
63.41
63.42
63.42
63.42
63.43
63.44
63.45
63.45
63.45
63.45
63.46
63.46
63.47
63.48
63.48
63.48
63.48
63.48
63.48
63.49
63.49
63.49
63.48
63.47
63.47
63.47
63.48
63.48
63.47
63.46
63.45
63.45
63.46
63.46
63.45
63.44
63.43
63.43
63.43
63.43
63.43
63.42
63.42
63.41
63.4
63.4
63.4
63.39
63.38
63.37
63.36
63.35
63.35
63.34
63.33
63.32
63.31
63.3
63.3
63.29
63.28
63.27
63.26
63.23
62.83
61.83
61.22
61.22
61.22
61.22
61.11
61.11
59.54
57.56
55.24
55.24
55.24
55.24
55.24
55.24
55.24
55.24
52.59
49.6
46.22
42.5
38.84
34.88
31.15
27.94
24.52
21.4
18.93
17.97
17.97
17.97
17.97
17.97
17.97
19.76
22.61
25.01
26.54
30.5
35.46
40.47
44.94
49.55
54.19
58.55
61.97
64.46
66.49
67.82
68.65
69.4
69.71
69.06
68.66
68.01
68.01
67.36
67.45
67.63
67.79
67.48
67.01
66.61
66.22
65.78
65.35
64.9
64.9
64.94
64.97
65.0
65.05
65.07
65.07
65.07
65.07
65.07
65.07
65.07
65.07
65.07
65.07
64.73
64.38
64.03
63.72
63.48
63.24
63.08
62.95
62.83
62.71
62.6
62.49
62.38
62.38
62.38
62.38
62.38
62.38
62.38
62.38
62.38
62.38
62.38
62.47
62.53
62.53
62.53
62.53
62.53
62.53
62.61
62.73
62.85
62.87
62.98
63.09
63.12
63.13
63.13
63.13
63.12
63.21
63.28
63.3
63.31
63.33
63.33
63.33
63.33
63.33
63.33
63.33
63.33
63.33
63.33
63.33
63.34
63.35
63.35
63.35
63.35
63.35
63.35
63.36
63.36
63.36
63.35
63.35
63.34
63.34
63.34
63.35
63.35
63.35
63.34
63.34
63.33
63.32
63.32
63.31
63.3
63.3
63.29
63.29
63.28
63.28
63.28
63.27
63.27
63.26
63.26
63.25
63.25
63.25
63.25
63.24
63.24
63.23
63.22
63.23
63.23
63.24
63.24
63.24
63.24
63.23
63.23
63.23
63.23
63.23
63.23
63.23
63.22
63.22
63.22
63.22
63.21
63.21
63.21
63.21
63.21
63.21
63.2
63.2
63.2
63.2
63.19
63.19
63.19
63.18
63.18
63.17
63.17
63.17
63.16
63.16
63.15
63.14
63.14
63.14
63.13
63.12
63.12
63.11
63.11
63.1
63.1
63.1
63.1
63.09
63.09
63.08
63.08
63.07
63.07
63.06
63.06
63.05
63.05
63.04
63.03
63.03
63.02
63.01
63.01
63.0
63.0
62.99
62.98
62.98
62.98
62.98
62.97
62.97
62.96
62.96
62.96
62.96
62.95
62.95
62.95
62.95
62.95
62.96
62.96
62.96
62.96
62.96
62.96
62.95
62.95
62.95
62.95
62.94
62.94
62.94
62.94
62.94
62.94
62.94
62.93
62.93
62.93
62.93
62.92
62.92
62.92
62.92
62.92
62.92
62.92
62.92
62.92
62.92
62.91
62.91
62.91
62.91
62.91
62.9
62.9
62.9
62.9
62.89
62.89
62.89
62.88
62.88
62.88
62.87
62.87
62.87
62.87
62.86
62.86
62.86
62.86
62.85
62.85
62.85
62.84
62.84
62.84
62.84
62.83
62.83
62.83
62.83
62.82
62.82
62.82
62.82
62.81
62.81
62.81
62.81
62.8
62.8
62.8
62.8
62.8
62.79
62.79
62.79
62.79
62.79
62.78
62.78
62.78
62.78
62.77
62.77
62.77
62.77
62.76
62.76
62.76
62.75
62.75
62.74
62.74
62.74
62.73
62.73
62.72
62.72
62.72
62.72
62.71
62.71
62.71
62.71
62.7
62.7
62.7
62.7
62.7
62.69
62.69
62.69
62.69
62.69
62.69
62.68
62.68
62.68
62.67
62.67
62.67
62.66
62.66
62.66
62.66
62.66
62.65
62.65
62.65
62.64
62.64
62.64
62.63
62.63
62.62
62.62
62.62
62.61
62.61
62.61
62.6
62.6
62.6
62.59
62.59
62.59
62.59
62.59
62.58
62.58
62.58
62.58
62.57
62.57
62.57
62.56
62.56
62.55
62.55
62.55
62.54
62.54
62.53
62.53
62.53
62.52
62.52
62.52
62.51
62.51
62.51
62.51
62.5
62.5
62.5
62.49
62.49
62.49
62.49
62.48
62.48
62.48
62.47
62.47
62.47
62.47
62.46
62.46
62.46
62.45
62.45
62.45
62.45
62.45
62.44
62.44
62.44
62.43
62.43
62.43
62.42
62.42
62.42
62.41
62.41
62.41
62.41
62.4
62.4
62.4
62.39
62.39
62.38
62.38
62.37
62.36
62.36
62.35
62.35
62.34
62.34
62.33
62.33
62.33
62.33
62.32
62.32
62.32
62.32
62.31
62.31
62.31
62.3
62.3
62.29
62.29
62.29
62.28
62.28
62.28
62.27
62.27
62.27
62.27
62.26
62.26
62.25
62.25
62.24
62.24
62.23
62.23
62.22
62.22
62.21
62.21
62.2
62.2
62.2
62.19
62.19
62.19
62.19
62.18
62.18
62.18
62.18
62.18
62.17
62.17
62.17
62.16
62.16
62.16
62.15
62.15
62.14
62.14
62.14
62.13
62.13
62.12
62.12
62.12
62.11
62.11
62.1
62.1
62.09
62.08
62.08
62.07
62.07
62.06
62.05
62.05
62.04
62.04
62.04
62.03
62.03
62.02
62.02
62.01
62.01
62.01
62.0
62.0
61.99
61.99
61.98
61.98
61.97
61.97
61.97
61.96
61.96
61.95
61.95
61.94
61.94
61.94
61.93
61.93
61.92
61.92
61.91
61.91
61.91
61.9
61.9
61.9
61.89
61.89
61.89
61.88
61.88
61.88
61.87
61.87
61.86
61.86
61.86
61.85
61.85
61.85
61.84
61.84
61.84
61.83
61.83
61.82
61.82
61.81
61.81
61.8
61.8
61.8
61.79
61.79
61.79
61.79
61.79
61.79
61.78
61.78
61.77
61.77
61.77
61.76
61.76
61.76
61.75
61.75
61.74
61.74
61.74
61.73
61.73
61.73
61.72
61.72
61.72
61.72
61.71
61.71
61.71
61.7
61.7
61.7
61.7
61.69
61.69
61.69
61.68
61.68
61.68
61.68
61.67
61.67
61.67
61.67
61.66
61.66
61.66
61.66
61.65
61.65
61.65
61.64
61.64
61.64
61.63
61.63
61.63
61.62
61.62
61.62
61.62
61.62
61.62
61.61
61.61
61.61
61.61
61.6
61.6
61.6
61.6
61.59
61.59
61.59
61.58
61.58
61.58
61.58
61.57
61.57
61.57
61.57
61.56
61.56
61.56
61.56
61.55
61.55
61.55
61.55
61.54
61.54
61.54
61.54
61.53
61.53
61.53
61.52
61.52
61.51
61.51
61.51
61.5
61.5
61.49
61.49
61.49
61.49
61.48
61.48
61.48
61.48
61.48
61.48
61.47
61.47
61.47
61.47
61.46
61.46
61.46
61.46
61.45
61.45
61.45
61.44
61.44
61.44
61.43
61.43
61.43
61.42
61.42
61.42
61.42
61.42
61.41
61.41
61.41
61.41
61.4
61.4
61.4
61.4
61.39
61.39
61.39
61.39
61.38
61.38
61.38
61.38
61.37
61.37
61.37
61.37
61.36
61.36
61.36
61.35
61.35
61.35
61.34
61.34
61.34
61.33
61.33
61.32
61.32
61.32
61.32
61.32
61.31
61.31
61.31
61.31
61.31
61.3
61.3
61.3
61.3
61.29
61.29
61.29
61.28
61.28
61.28
61.27
61.27
61.27
61.26
61.26
61.26
61.25
61.25
61.25
61.24
61.24
61.24
61.23
61.23
61.23
61.22
61.22
61.22
61.21
61.21
61.21
61.21
61.2
61.2
61.2
61.2
61.19
61.19
61.19
61.18
61.18
61.18
61.17
61.17
61.17
61.16
61.16
61.16
61.16
61.16
61.15
61.15
61.15
61.15
61.15
61.14
61.14
61.14
61.13
61.13
61.12
61.12
61.11
61.11
61.1
61.1
61.1
61.09
61.09
61.09
61.09
61.08
61.08
61.08
61.07
61.07
61.07
61.06
61.06
61.06
61.05
61.05
61.05
61.04
61.04
61.04
61.03
61.03
61.03
61.03
61.02
61.02
61.02
61.02
61.01
61.01
61.01
61.01
61.01
61.0
61.0
61.0
60.99
60.99
60.98
60.98
60.97
60.97
60.97
60.96
60.96
60.96
60.95
60.95
60.95
60.95
60.94
60.94
60.94
60.93
60.93
60.93
60.92
60.92
60.91
60.91
60.91
60.9
60.9
60.9
60.9
60.89
60.89
60.88
60.88
60.87
60.87
60.86
60.86
60.86
60.85
60.85
60.85
60.85
60.84
60.84
60.84
60.84
60.83
60.83
60.83
60.83
60.82
60.82
60.82
60.82
60.81
60.81
60.81
60.81
60.8
60.8
60.79
60.79
60.79
60.78
60.78
60.78
60.77
60.77
60.77
60.77
60.76
60.76
60.76
60.75
60.75
60.74
60.74
60.73
60.73
60.73
60.72
60.72
60.71
60.71
60.71
60.7
60.7
60.7
60.69
60.69
60.69
60.69
60.68
60.68
60.68
60.68
60.67
60.67
60.67
60.66
60.66
60.66
60.65
60.65
60.65
60.64
60.64
60.64
60.63
60.63
60.62
60.62
60.62
60.61
60.61
60.6
60.6
60.6
60.59
60.59
60.58
60.58
60.58
60.57
60.57
60.57
60.56
60.56
60.56
60.55
60.55
60.54
60.54
60.54
60.53
60.53
60.53
60.52
60.52
60.51
60.51
60.5
60.5
60.5
60.49
60.49
60.49
60.49
60.48
60.48
60.48
60.47
60.47
60.47
60.46
60.46
60.46
60.45
60.45
60.45
60.44
60.44
60.43
60.43
60.43
60.43
60.42
60.42
60.42
60.41
60.41
60.4
60.4
60.4
60.39
60.39
60.38
60.38
60.37
60.37
60.37
60.36
60.36
60.36
60.35
60.35
60.35
60.34
60.34
60.34
60.33
60.33
60.33
60.33
60.32
60.32
60.32
60.31
60.31
60.31
60.31
60.3
60.3
60.3
60.29
60.29
60.28
60.28
60.27
60.27
60.26
60.26
60.25
60.25
60.25
60.24
60.24
60.24
60.24
60.23
60.23
60.23
60.23
60.22
60.22
60.22
60.21
60.21
60.2
60.2
60.2
60.19
60.19
60.19
60.18
60.18
60.17
60.17
60.17
60.16
60.16
60.16
60.16
60.15
60.15
60.15
60.15
60.14
60.14
60.14
60.14
60.13
60.13
60.13
60.12
60.12
60.12
60.11
60.11
60.11
60.1
60.1
60.09
60.09
60.09
60.08
60.08
60.08
60.07
60.07
60.07
60.06
60.06
60.06
60.05
60.05
60.05
60.04
60.04
60.04
60.04
60.03
60.03
60.03
60.03
60.02
60.02
60.02
60.01
60.01
60.01
60.0
60.0
60.0
59.99
59.99
59.99
59.98
59.98
59.98
59.98
59.97
59.97
59.97
59.97
59.97
59.96
59.96
59.96
59.95
59.95
59.95
59.94
59.94
59.94
59.93
59.93
59.93
59.92
59.92
59.91
59.91
59.91
59.9
59.9
59.9
59.89
59.89
59.89
59.88
59.88
59.88
59.88
59.87
59.87
59.87
59.86
59.86
59.85
59.85
59.85
59.84
59.84
59.83
59.83
59.83
59.82
59.82
59.82
59.81
59.81
59.81
59.81
59.81
59.8
59.8
59.8
59.79
59.79
59.79
59.78
59.78
59.78
59.77
59.77
59.76
59.76
59.76
59.75
59.75
59.75
59.74
59.74
59.74
59.74
59.73
59.73
59.73
59.73
59.72
59.72
59.72
59.72
59.71
59.71
59.7
59.7
59.69
59.69
59.68
59.68
59.68
59.67
59.67
59.66
59.66
59.66
59.66
59.65
59.65
59.65
59.64
59.64
59.63
59.63
59.63
59.62
59.62
59.61
59.61
59.6
59.6
59.6
59.6
59.59
59.59
59.59
59.59
59.58
59.58
59.58
59.57
59.57
59.56
59.56
59.55
59.55
59.55
59.54
59.54
59.54
59.53
59.53
59.53
59.53
59.53
59.52
59.52
59.52
59.51
59.51
59.51
59.5
59.5
59.49
59.49
59.48
59.48
59.48
59.47
59.47
59.47
59.46
59.46
59.46
59.45
59.45
59.45
59.45
59.44
59.44
59.44
59.44
59.44
59.43
59.43
59.43
59.43
59.42
59.42
59.42
59.41
59.41
59.41
59.4
59.4
59.4
59.4
59.39
59.39
59.39
59.38
59.38
59.38
59.37
59.37
59.37
59.36
59.36
59.36
59.35
59.35
59.35
59.34
59.34
59.34
59.34
59.33
59.33
59.33
59.33
59.32
59.32
59.32
59.31
59.31
59.31
59.3
59.3
59.29
59.29
59.29
59.28
59.28
59.28
59.27
59.27
59.27
59.27
59.26
59.26
59.26
59.26
59.25
59.25
59.25
59.25
59.24
59.24
59.24
59.24
59.23
59.23
59.23
59.22
59.22
59.21
59.21
59.21
59.2
59.2
59.2
59.2
59.19
59.19
59.19
59.19
59.18
59.18
59.17
59.17
59.17
59.16
59.16
59.15
59.15
59.14
59.14
59.14
59.13
59.13
59.13
59.12
59.12
59.12
59.11
59.11
59.11
59.1
59.1
59.1
59.09
59.09
59.09
59.08
59.08
59.08
59.07
59.07
59.07
59.06
59.06
59.06
59.05
59.05
59.05
59.04
59.04
59.04
59.03
59.03
59.03
59.02
59.02
59.02
59.01
59.01
59.01
59.01
59.01
59.0
59.0
59.0
59.0
58.99
58.99
58.99
58.99
58.98
58.98
58.98
58.97
58.97
58.97
58.96
58.96
58.96
58.95
58.95
58.95
58.94
58.94
58.93
58.93
58.93
58.93
58.93
58.92
58.92
58.92
58.92
58.92
58.91
58.91
58.91
58.9
58.9
58.89
58.89
58.89
58.88
58.88
58.88
58.87
58.87
58.87
58.87
58.86
58.86
58.86
58.85
58.85
58.84
58.84
58.84
58.83
58.83
58.82
58.82
58.82
58.82
58.82
58.81
58.81
58.81
58.81
58.81
58.8
58.8
58.79
58.79
58.79
58.78
58.78
58.78
58.77
58.77
58.76
58.76
58.76
58.76
58.75
58.75
58.75
58.75
58.75
58.74
58.74
58.74
58.74
58.73
58.73
58.73
58.73
58.72
58.72
58.72
58.71
58.71
58.7
58.7
58.69
58.69
58.68
58.68
58.68
58.68
58.67
58.67
58.67
58.67
58.67
58.66
58.66
58.66
58.65
58.65
58.65
58.64
58.64
58.63
58.63
58.63
58.62
58.62
58.62
58.61
58.61
58.61
58.61
58.6
58.6
58.6
58.6
58.59
58.59
58.59
58.59
58.58
58.58
58.58
58.58
58.57
58.57
58.57
58.57
58.57
58.56
58.56
58.56
58.55
58.55
58.54
58.54
58.54
58.53
58.53
58.52
58.52
58.51
58.51
58.51
58.5
58.5
58.49
58.49
58.49
58.48
58.48
58.48
58.47
58.47
58.47
58.47
58.46
58.46
58.46
58.46
58.45
58.45
58.45
58.44
58.44
58.44
58.43
58.43
58.43
58.43
58.42
58.42
58.42
58.41
58.41
58.41
58.41
58.41
58.41
58.4
58.4
58.4
58.4
58.4
58.4
58.4
58.39
58.39
58.39
58.38
58.38
58.38
58.37
58.37
58.37
58.36
58.36
58.35
58.35
58.35
58.35
58.34
58.34
58.34
58.33
58.33
58.33
58.33
58.32
58.32
58.32
58.32
58.31
58.31
58.31
58.31
58.3
58.3
58.3
58.3
58.29
58.29
58.29
58.28
58.28
58.28
58.27
58.27
58.26
58.26
58.26
58.25
58.25
58.25
58.25
58.24
58.24
58.24
58.24
58.23
58.23
58.23
58.22
58.22
58.22
58.21
58.21
58.21
58.2
58.2
58.19
58.19
58.19
58.19
58.18
58.18
58.18
58.17
58.17
58.17
58.17
58.16
58.16
58.16
58.15
58.15
58.15
58.15
58.14
58.14
58.14
58.13
58.13
58.13
58.12
58.12
58.12
58.11
58.11
58.11
58.1
58.1
58.09
58.09
58.09
58.08
58.08
58.08
58.07
58.07
58.07
58.06
58.06
58.06
58.06
58.06
58.05
58.05
58.05
58.05
58.04
58.04
58.04
58.03
58.03
58.02
58.02
58.02
58.01
58.01
58.01
58.0
58.0
58.0
57.99
57.99
57.98
57.98
57.98
57.97
57.97
57.96
57.96
57.96
57.95
57.95
57.94
57.94
57.94
57.94
57.93
57.93
57.93
57.93
57.93
57.92
57.92
57.92
57.91
57.91
57.91
57.91
57.9
57.9
57.89
57.89
57.89
57.88
57.88
57.88
57.87
57.87
57.86
57.86
57.85
57.85
57.84
57.84
57.83
57.83
57.83
57.82
57.82
57.81
57.81
57.81
57.81
57.8
57.8
57.8
57.79
57.79
57.78
57.78
57.78
57.77
57.77
57.77
57.76
57.76
57.75
57.75
57.74
57.74
57.73
57.73
57.72
57.72
57.71
57.71
57.71
57.7
57.7
57.7
57.7
57.69
57.69
57.69
57.69
57.68
57.68
57.68
57.67
57.67
57.67
57.66
57.66
57.66
57.65
57.65
57.65
57.64
57.64
57.64
57.64
57.63
57.63
57.62
57.62
57.62
57.61
57.61
57.61
57.6
57.6
57.6
57.6
57.59
57.59
57.59
57.58
57.58
57.58
57.57
57.57
57.57
57.56
57.56
57.56
57.55
57.55
57.55
57.55
57.54
57.54
57.54
57.53
57.53
57.53
57.52
57.52
57.52
57.52
57.51
57.51
57.51
57.5
57.5
57.5
57.49
57.49
57.49
57.48
57.48
57.48
57.48
57.47
57.47
57.47
57.47
57.46
57.46
57.46
57.45
57.45
57.45
57.45
57.44
57.44
57.44
57.43
57.43
57.43
57.42
57.42
57.41
57.41
57.41
57.4
57.4
57.4
57.39
57.39
57.39
57.39
57.38
57.38
57.38
57.37
57.37
57.37
57.37
57.36
57.36
57.35
57.35
57.35
57.34
57.34
57.34
57.33
57.33
57.33
57.33
57.32
57.32
57.32
57.32
57.31
57.31
57.31
57.31
57.3
57.3
57.3
57.29
57.29
57.29
57.28
57.28
57.28
57.27
57.27
57.27
57.27
57.26
57.26
57.26
57.25
57.25
57.25
57.24
57.24
57.24
57.23
57.23
57.23
57.22
57.22
57.22
57.21
57.21
57.21
57.21
57.21
57.2
57.2
57.2
57.19
57.19
57.19
57.18
57.18
57.18
57.17
57.17
57.17
57.17
57.16
57.16
57.16
57.16
57.16
57.15
57.15
57.15
57.14
57.14
57.14
57.14
57.13
57.13
57.13
57.13
57.13
57.13
57.12
57.12
57.12
57.12
57.12
57.11
57.11
57.11
57.1
57.1
57.09
57.09
57.08
57.08
57.07
57.07
57.06
57.06
57.05
57.05
57.04
57.04
57.03
57.02
57.02
57.01
57.0
57.0
57.0
56.99
56.99
56.98
56.98
56.97
56.97
56.96
56.96
56.96
56.95
56.95
56.95
56.94
56.94
56.94
56.93
56.93
56.93
56.93
56.92
56.92
56.92
56.91
56.91
56.91
56.91
56.91
56.9
56.9
56.9
56.89
56.89
56.89
56.88
56.88
56.88
56.87
56.87
56.87
56.86
56.86
56.86
56.86
56.85
56.85
56.85
56.84
56.84
56.84
56.84
56.84
56.83
56.83
56.83
56.83
56.82
56.82
56.82
56.82
56.81
56.81
56.81
56.81
56.81
56.8
56.8
56.8
56.8
56.79
56.79
56.78
56.78
56.78
56.78
56.77
56.77
56.77
56.77
56.77
56.76
56.76
56.76
56.76
56.76
56.75
56.75
56.75
56.74
56.74
56.73
56.73
56.72
56.72
56.71
56.71
56.71
56.7
56.7
56.7
56.69
56.69
56.69
56.68
56.68
56.68
56.67
56.67
56.67
56.67
56.66
56.66
56.66
56.66
56.65
56.65
56.65
56.65
56.65
56.64
56.64
56.64
56.64
56.63
56.63
56.63
56.63
56.62
56.62
56.62
56.62
56.61
56.61
56.61
56.6
56.6
56.6
56.6
56.59
56.59
56.59
56.58
56.58
56.58
56.58
56.57
56.57
56.57
56.57
56.57
56.56
56.56
56.56
56.55
56.55
56.55
56.54
56.54
56.53
56.53
56.52
56.52
56.52
56.52
56.52
56.51
56.51
56.51
56.51
56.51
56.5
56.5
56.5
56.5
56.5
56.49
56.49
56.49
56.48
56.48
56.48
56.48
56.47
56.47
56.47
56.47
56.47
56.46
56.46
56.46
56.45
56.45
56.45
56.44
56.44
56.43
56.43
56.43
56.42
56.42
56.42
56.41
56.41
56.41
56.41
56.41
56.4
56.4
56.4
56.39
56.39
56.38
56.38
56.37
56.37
56.36
56.36
56.36
56.36
56.35
56.35
56.35
56.34
56.34
56.33
56.33
56.33
56.32
56.32
56.32
56.31
56.31
56.31
56.3
56.3
56.3
56.3
56.3
56.29
56.29
56.29
56.28
56.28
56.28
56.27
56.27
56.27
56.26
56.26
56.26
56.25
56.25
56.24
56.24
56.23
56.23
56.23
56.22
56.22
56.22
56.21
56.21
56.21
56.21
56.21
56.2
56.2
56.2
56.19
56.19
56.19
56.18
56.18
56.17
56.17
56.16
56.16
56.15
56.15
56.15
56.15
56.14
56.14
56.14
56.14
56.14
56.14
56.14
56.13
56.13
56.13
56.13
56.12
56.12
56.12
56.11
56.11
56.11
56.11
56.1
56.1
56.1
56.1
56.1
56.1
56.09
56.09
56.09
56.08
56.08
56.07
56.07
56.06
56.06
56.05
56.05
56.04
56.04
56.04
56.03
56.03
56.03
56.03
56.02
56.02
56.02
56.02
56.01
56.01
56.01
56.0
56.0
56.0
56.0
56.0
55.99
55.99
55.99
55.99
55.98
55.98
55.98
55.97
55.97
55.96
55.96
55.95
55.95
55.94
55.94
55.93
55.93
55.92
55.92
55.91
55.91
55.91
55.91
55.9
55.9
55.9
55.89
55.89
55.89
55.88
55.88
55.88
55.87
55.87
55.86
55.86
55.86
55.85
55.85
55.85
55.84
55.84
55.83
55.83
55.83
55.82
55.82
55.82
55.81
55.81
55.81
55.8
55.8
55.8
55.8
55.8
55.79
55.79
55.79
55.79
55.79
55.79
55.78
55.78
55.77
55.77
55.77
55.76
55.76
55.75
55.75
55.74
55.74
55.73
55.73
55.73
55.72
55.72
55.72
55.72
55.71
55.71
55.71
55.7
55.7
55.7
55.7
55.69
55.69
55.69
55.68
55.68
55.68
55.68
55.67
55.67
55.67
55.67
55.66
55.66
55.66
55.65
55.65
55.65
55.65
55.64
55.64
55.64
55.63
55.63
55.63
55.62
55.62
55.62
55.61
55.61
55.61
55.6
55.6
55.6
55.6
55.6
55.59
55.59
55.59
55.59
55.58
55.58
55.58
55.57
55.57
55.56
55.56
55.56
55.55
55.55
55.54
55.54
55.54
55.53
55.53
55.52
55.52
55.52
55.51
55.51
55.51
55.5
55.5
55.5
55.49
55.49
55.49
55.49
55.48
55.48
55.48
55.47
55.47
55.47
55.46
55.46
55.46
55.45
55.45
55.45
55.44
55.44
55.44
55.43
55.43
55.43
55.42
55.42
55.42
55.41
55.41
55.4
55.4
55.4
55.39
55.39
55.39
55.38
55.38
55.37
55.37
55.36
55.36
55.36
55.35
55.35
55.34
55.34
55.34
55.33
55.33
55.33
55.33
55.33
55.32
55.32
55.32
55.32
55.31
55.31
55.31
55.3
55.3
55.29
55.29
55.29
55.28
55.28
55.28
55.27
55.27
55.27
55.26
55.26
55.26
55.25
55.25
55.25
55.24
55.24
55.23
55.23
55.23
55.23
55.22
55.22
55.22
55.21
55.21
55.21
55.21
55.2
55.2
55.2
55.19
55.19
55.19
55.18
55.18
55.18
55.17
55.16
55.16
55.15
55.15
55.14
55.14
55.13
55.13
55.12
55.12
55.12
55.11
55.11
55.11
55.1
55.1
55.09
55.09
55.08
55.08
55.07
55.07
55.07
55.06
55.06
55.06
55.05
55.05
55.04
55.04
55.04
55.03
55.03
55.02
55.02
55.02
55.01
55.01
55.01
55.0
55.0
55.0
54.99
54.99
54.99
54.98
54.98
54.97
54.97
54.96
54.96
54.95
54.95
54.95
54.94
54.94
54.94
54.93
54.93
54.93
54.93
54.92
54.92
54.92
54.91
54.91
54.91
54.9
54.9
54.9
54.89
54.89
54.89
54.89
54.88
54.88
54.88
54.87
54.87
54.87
54.86
54.86
54.85
54.85
54.85
54.84
54.84
54.84
54.83
54.83
54.83
54.83
54.83
54.82
54.82
54.82
54.82
54.81
54.81
54.81
54.8
54.8
54.79
54.79
54.79
54.78
54.78
54.78
54.77
54.77
54.77
54.76
54.76
54.76
54.75
54.75
54.74
54.74
54.74
54.73
54.73
54.72
54.72
54.72
54.72
54.71
54.71
54.71
54.71
54.7
54.7
54.7
54.7
54.69
54.69
54.69
54.68
54.68
54.68
54.67
54.67
54.66
54.66
54.65
54.65
54.65
54.64
54.64
54.64
54.64
54.63
54.63
54.63
54.62
54.62
54.62
54.61
54.61
54.6
54.6
54.59
54.59
54.59
54.58
54.58
54.57
54.57
54.56
54.56
54.56
54.55
54.55
54.55
54.54
54.54
54.54
54.54
54.53
54.53
54.53
54.53
54.52
54.52
54.52
54.51
54.51
54.5
54.5
54.49
54.49
54.48
54.48
54.48
54.47
54.47
54.47
54.46
54.46
54.45
54.45
54.44
54.44
54.43
54.43
54.42
54.42
54.42
54.41
54.41
54.4
54.4
54.4
54.39
54.39
54.39
54.39
54.38
54.38
54.38
54.37
54.37
54.37
54.36
54.36
54.36
54.35
54.35
54.34
54.34
54.34
54.33
54.33
54.33
54.32
54.32
54.31
54.31
54.3
54.3
54.29
54.29
54.28
54.28
54.27
54.27
54.27
54.26
54.26
54.26
54.26
54.25
54.25
54.25
54.25
54.24
54.24
54.24
54.24
54.23
54.23
54.22
54.22
54.21
54.21
54.21
54.2
54.2
54.19
54.19
54.19
54.18
54.18
54.18
54.17
54.17
54.17
54.16
54.16
54.16
54.15
54.15
54.14
54.14
54.14
54.13
54.13
54.13
54.12
54.12
54.12
54.11
54.11
54.11
54.1
54.1
54.1
54.09
54.09
54.08
54.08
54.07
54.07
54.06
54.06
54.05
54.05
54.05
54.04
54.04
54.04
54.04
54.03
54.03
54.03
54.02
54.02
54.02
54.02
54.01
54.01
54.0
54.0
53.99
53.99
53.98
53.98
53.98
53.97
53.97
53.97
53.96
53.96
53.96
53.95
53.95
53.94
53.94
53.94
53.93
53.93
53.92
53.92
53.92
53.91
53.91
53.91
53.9
53.9
53.9
53.89
53.89
53.89
53.89
53.88
53.88
53.88
53.87
53.87
53.87
53.87
53.87
53.86
53.86
53.86
53.86
53.86
53.85
53.85
53.85
53.85
53.84
53.84
53.83
53.83
53.82
53.82
53.81
53.81
53.8
53.8
53.79
53.79
53.78
53.78
53.78
53.77
53.77
53.77
53.76
53.76
53.76
53.75
53.75
53.75
53.75
53.74
53.74
53.74
53.74
53.73
53.73
53.73
53.72
53.72
53.72
53.71
53.71
53.71
53.7
53.7
53.7
53.7
53.69
53.69
53.69
53.69
53.68
53.68
53.68
53.67
53.67
53.67
53.66
53.66
53.65
53.65
53.65
53.64
53.64
53.64
53.63
53.63
53.63
53.62
53.62
53.61
53.61
53.61
53.6
53.6
53.6
53.59
53.59
53.59
53.58
53.58
53.58
53.57
53.57
53.57
53.57
53.56
53.56
53.56
53.56
53.55
53.55
53.55
53.54
53.54
53.53
53.53
53.52
53.52
53.51
53.51
53.5
53.5
53.49
53.49
53.49
53.48
53.48
53.48
53.47
53.47
53.47
53.46
53.46
53.45
53.45
53.45
53.44
53.44
53.43
53.43
53.43
53.42
53.42
53.42
53.41
53.41
53.41
53.41
53.4
53.4
53.4
53.39
53.39
53.38
53.38
53.38
53.37
53.37
53.37
53.37
53.36
53.36
53.35
53.35
53.35
53.34
53.34
53.33
53.33
53.33
53.33
53.32
53.32
53.32
53.32
53.31
53.31
53.31
53.31
53.3
53.3
53.3
53.29
53.29
53.29
53.29
53.28
53.28
53.28
53.27
53.27
53.26
53.26
53.26
53.25
53.25
53.25
53.24
53.24
53.24
53.24
53.23
53.23
53.23
53.22
53.22
53.22
53.22
53.21
53.21
53.21
53.2
53.2
53.2
53.19
53.19
53.18
53.18
53.17
53.17
53.16
53.16
53.16
53.15
53.15
53.14
53.14
53.14
53.13
53.13
53.12
53.12
53.12
53.11
53.11
53.11
53.1
53.1
53.1
53.1
53.1
53.09
53.09
53.09
53.09
53.08
53.08
53.08
53.07
53.07
53.07
53.06
53.06
53.06
53.05
53.05
53.05
53.04
53.04
53.04
53.04
53.03
53.03
53.03
53.02
53.02
53.02
53.01
53.01
53.01
53.0
53.0
52.99
52.99
52.99
52.98
52.98
52.98
52.97
52.97
52.97
52.96
52.96
52.96
52.96
52.95
52.95
52.95
52.94
52.94
52.94
52.93
52.93
52.93
52.93
52.92
52.92
52.92
52.92
52.91
52.91
52.91
52.9
52.9
52.89
52.89
52.89
52.88
52.88
52.88
52.87
52.87
52.87
52.86
52.86
52.86
52.85
52.85
52.85
52.84
52.84
52.84
52.83
52.83
52.82
52.82
52.82
52.81
52.81
52.8
52.8
52.8
52.79
52.79
52.79
52.78
52.78
52.78
52.78
52.77
52.77
52.77
52.76
52.76
52.76
52.75
52.75
52.75
52.74
52.74
52.74
52.73
52.73
52.73
52.73
52.72
52.72
52.72
52.71
52.71
52.71
52.7
52.7
52.7
52.69
52.69
52.69
52.68
52.68
52.68
52.67
52.67
52.67
52.66
52.66
52.66
52.65
52.65
52.65
52.65
52.64
52.64
52.64
52.64
52.63
52.63
52.63
52.63
52.62
52.62
52.62
52.61
52.61
52.61
52.61
52.6
52.6
52.6
52.59
52.59
52.59
52.58
52.58
52.57
52.57
52.57
52.57
52.56
52.56
52.56
52.55
52.55
52.55
52.55
52.55
52.54
52.54
52.54
52.53
52.53
52.53
52.53
52.52
52.52
52.52
52.51
52.51
52.51
52.5
52.5
52.5
52.5
52.49
52.49
52.49
52.48
52.48
52.48
52.47
52.47
52.47
52.47
52.46
52.46
52.46
52.45
52.45
52.45
52.45
52.44
52.44
52.44
52.43
52.43
52.43
52.42
52.42
52.42
52.41
52.41
52.41
52.41
52.4
52.4
52.4
52.39
52.39
52.39
52.38
52.38
52.38
52.37
52.37
52.37
52.37
52.36
52.36
52.36
52.35
52.35
52.35
52.34
52.34
52.34
52.33
52.33
52.33
52.32
52.32
52.32
52.32
52.31
52.31
52.31
52.31
52.3
52.3
52.3
52.3
52.3
52.29
52.29
52.28
52.28
52.28
52.27
52.27
52.27
52.26
52.26
52.26
52.25
52.25
52.25
52.24
52.24
52.24
52.23
52.23
52.23
52.22
52.22
52.22
52.21
52.21
52.21
52.2
52.2
52.2
52.2
52.19
52.19
52.18
52.18
52.18
52.17
52.17
52.16
52.16
52.16
52.16
52.15
52.15
52.15
52.15
52.15
52.14
52.14
52.14
52.14
52.13
52.13
52.13
52.13
52.12
52.12
52.12
52.11
52.11
52.1
52.1
52.09
52.09
52.08
52.08
52.08
52.07
52.07
52.07
52.06
52.06
52.06
52.06
52.05
52.05
52.05
52.05
52.04
52.04
52.04
52.03
52.03
52.03
52.02
52.02
52.02
52.01
52.01
52.0
52.0
51.99
51.99
51.99
51.98
51.98
51.97
51.97
51.97
51.96
51.96
51.95
51.95
51.95
51.94
51.94
51.93
51.93
51.93
51.92
51.92
51.92
51.92
51.91
51.91
51.91
51.91
51.9
51.9
51.9
51.9
51.89
51.89
51.88
51.88
51.88
51.87
51.87
51.87
51.87
51.86
51.86
51.86
51.86
51.85
51.85
51.85
51.84
51.84
51.84
51.83
51.83
51.83
51.83
51.82
51.82
51.82
51.82
51.81
51.81
51.8
51.8
51.8
51.79
51.79
51.79
51.78
51.78
51.78
51.77
51.77
51.77
51.77
51.76
51.76
51.76
51.75
51.75
51.75
51.74
51.74
51.74
51.73
51.73
51.73
51.72
51.72
51.72
51.71
51.71
51.71
51.71
51.7
51.7
51.7
51.69
51.69
51.69
51.68
51.68
51.68
51.67
51.67
51.66
51.66
51.66
51.66
51.65
51.65
51.65
51.65
51.64
51.64
51.63
51.63
51.63
51.63
51.62
51.62
51.62
51.61
51.61
51.6
51.6
51.59
51.59
51.59
51.58
51.58
51.57
51.57
51.57
51.56
51.56
51.56
51.55
51.55
51.55
51.55
51.54
51.54
51.54
51.53
51.53
51.53
51.52
51.52
51.52
51.52
51.51
51.51
51.51
51.5
51.5
51.49
51.49
51.48
51.48
51.48
51.47
51.47
51.47
51.47
51.46
51.46
51.46
51.45
51.45
51.45
51.44
51.44
51.43
51.43
51.43
51.42
51.42
51.41
51.41
51.41
51.4
51.4
51.4
51.4
51.39
51.39
51.39
51.38
51.38
51.38
51.37
51.37
51.36
51.36
51.36
51.35
51.35
51.35
51.34
51.34
51.34
51.34
51.33
51.33
51.33
51.33
51.32
51.32
51.32
51.31
51.31
51.31
51.31
51.3
51.3
51.3
51.29
51.29
51.29
51.28
51.28
51.28
51.27
51.27
51.27
51.26
51.26
51.26
51.26
51.25
51.25
51.25
51.25
51.24
51.24
51.24
51.23
51.23
51.23
51.22
51.22
51.21
51.21
51.2
51.2
51.19
51.19
51.19
51.18
51.18
51.18
51.18
51.17
51.17
51.17
51.17
51.16
51.16
51.16
51.15
51.15
51.14
51.14
51.14
51.13
51.13
51.12
51.12
51.12
51.11
51.11
51.1
51.1
51.1
51.09
51.09
51.08
51.08
51.08
51.08
51.07
51.07
51.07
51.07
51.06
51.06
51.06
51.06
51.05
51.05
51.05
51.04
51.04
51.04
51.03
51.03
51.02
51.02
51.01
51.01
51.01
51.0
51.0
51.0
51.0
50.99
50.99
50.99
50.99
50.99
50.99
50.99
50.98
50.98
50.98
50.97
50.97
50.97
50.96
50.96
50.96
50.95
50.95
50.95
50.95
50.94
50.94
50.94
50.94
50.93
50.93
50.93
50.93
50.92
50.92
50.92
50.91
50.91
50.9
50.9
50.89
50.89
50.89
50.88
50.88
50.88
50.87
50.87
50.87
50.87
50.87
50.86
50.86
50.86
50.86
50.85
50.85
50.85
50.84
50.84
50.84
50.83
50.83
50.83
50.82
50.82
50.82
50.82
50.82
50.82
50.81
50.81
50.81
50.8
50.8
50.8
50.79
50.79
50.79
50.78
50.78
50.78
50.77
50.77
50.77
50.77
50.77
50.76
50.76
50.76
50.75
50.75
50.75
50.74
50.74
50.73
50.73
50.73
50.72
50.72
50.72
50.72
50.71
50.71
50.71
50.71
50.71
50.7
50.7
50.7
50.7
50.69
50.69
50.69
50.68
50.68
50.68
50.67
50.67
50.66
50.66
50.66
50.65
50.65
50.65
50.64
50.64
50.64
50.64
50.63
50.63
50.63
50.62
50.62
50.61
50.61
50.61
50.6
50.6
50.6
50.59
50.59
50.59
50.58
50.58
50.57
50.57
50.57
50.56
50.56
50.56
50.55
50.55
50.55
50.55
50.55
50.54
50.54
50.54
50.54
50.53
50.53
50.52
50.52
50.52
50.51
50.51
50.5
50.5
50.5
50.49
50.49
50.49
50.49
50.48
50.48
50.48
50.47
50.47
50.47
50.46
50.46
50.45
50.45
50.45
50.44
50.44
50.44
50.44
50.43
50.43
50.43
50.42
50.42
50.42
50.41
50.41
50.4
50.4
50.4
50.39
50.39
50.39
50.39
50.39
50.38
50.38
50.37
50.37
50.36
50.36
50.35
50.35
50.34
50.34
50.34
50.33
50.33
50.33
50.33
50.32
50.32
50.32
50.31
50.31
50.31
50.31
50.3
50.3
50.29
50.29
50.28
50.28
50.28
50.27
50.27
50.26
50.26
50.26
50.25
50.25
50.25
50.25
50.24
50.24
50.24
50.23
50.23
50.22
50.22
50.21
50.21
50.2
50.2
50.19
50.19
50.19
50.18
50.18
50.18
50.18
50.18
50.17
50.17
50.17
50.17
50.16
50.16
50.16
50.15
50.15
50.14
50.14
50.13
50.13
50.12
50.12
50.12
50.12
50.11
50.11
50.11
50.11
50.1
50.1
50.09
50.09
50.09
50.08
50.08
50.07
50.07
50.07
50.06
50.06
50.06
50.05
50.05
50.05
50.04
50.04
50.04
50.03
50.03
50.03
50.02
50.02
50.02
50.01
50.01
50.01
50.0
50.0
50.0
49.99
49.99
49.99
49.98
49.98
49.98
49.97
49.97
49.97
49.97
49.96
49.96
49.95
49.95
49.95
49.94
49.94
49.94
49.93
49.93
49.93
49.92
49.92
49.92
49.92
49.91
49.91
49.91
49.9
49.9
49.9
49.89
49.89
49.89
49.88
49.88
49.88
49.87
49.87
49.87
49.87
49.86
49.86
49.86
49.85
49.85
49.85
49.84
49.84
49.84
49.84
49.83
49.83
49.83
49.82
49.82
49.82
49.81
49.81
49.81
49.8
49.8
49.8
49.79
49.79
49.78
49.78
49.77
49.77
49.77
49.76
49.76
49.75
49.75
49.75
49.74
49.74
49.74
49.73
49.73
49.73
49.72
49.72
49.72
49.71
49.71
49.71
49.71
49.7
49.7
49.7
49.69
49.69
49.69
49.69
49.68
49.68
49.68
49.67
49.67
49.67
49.66
49.66
49.66
49.65
49.65
49.64
49.64
49.63
49.63
49.62
49.62
49.62
49.61
49.61
49.6
49.6
49.6
49.59
49.59
49.59
49.58
49.58
49.58
49.57
49.57
49.57
49.57
49.57
49.56
49.56
49.56
49.55
49.55
49.54
49.54
49.54
49.53
49.53
49.53
49.52
49.52
49.52
49.51
49.51
49.51
49.5
49.5
49.5
49.5
49.49
49.49
49.49
49.48
49.48
49.48
49.47
49.47
49.46
49.46
49.45
49.45
49.45
49.44
49.44
49.43
49.43
49.42
49.42
49.42
49.41
49.41
49.41
49.4
49.4
49.4
49.4
49.39
49.39
49.39
49.38
49.38
49.37
49.37
49.37
49.36
49.36
49.35
49.35
49.34
49.34
49.34
49.33
49.33
49.33
49.33
49.32
49.32
49.32
49.32
49.31
49.31
49.31
49.31
49.3
49.3
49.3
49.29
49.29
49.29
49.28
49.28
49.28
49.27
49.27
49.27
49.26
49.26
49.26
49.25
49.25
49.25
49.25
49.25
49.24
49.24
49.24
49.24
49.24
49.24
49.23
49.23
49.23
49.22
49.22
49.21
49.21
49.21
49.2
49.2
49.19
49.19
49.19
49.18
49.18
49.18
49.18
49.17
49.17
49.17
49.17
49.16
49.16
49.16
49.15
49.15
49.15
49.15
49.14
49.14
49.14
49.14
49.13
49.13
49.13
49.12
49.12
49.12
49.11
49.11
49.1
49.1
49.1
49.09
49.09
49.09
49.09
49.08
49.08
49.08
49.08
49.08
49.07
49.07
49.07
49.07
49.06
49.06
49.06
49.05
49.05
49.04
49.04
49.04
49.03
49.03
49.03
49.02
49.02
49.02
49.02
49.01
49.01
49.01
49.0
49.0
49.0
48.99
48.99
48.99
48.98
48.98
48.98
48.98
48.98
48.97
48.97
48.97
48.97
48.97
48.96
48.96
48.96
48.96
48.95
48.95
48.95
48.94
48.94
48.94
48.93
48.93
48.93
48.92
48.92
48.92
48.92
48.91
48.91
48.91
48.9
48.9
48.9
48.89
48.89
48.89
48.88
48.88
48.87
48.87
48.87
48.86
48.86
48.86
48.86
48.85
48.85
48.85
48.85
48.85
48.84
48.84
48.84
48.84
48.83
48.83
48.83
48.82
48.82
48.82
48.81
48.81
48.8
48.8
48.79
48.79
48.79
48.78
48.78
48.78
48.77
48.77
48.77
48.76
48.76
48.76
48.75
48.75
48.75
48.74
48.74
48.74
48.74
48.73
48.73
48.73
48.72
48.72
48.72
48.71
48.71
48.7
48.7
48.7
48.7
48.69
48.69
48.68
48.68
48.68
48.67
48.67
48.67
48.67
48.66
48.66
48.66
48.65
48.65
48.64
48.64
48.64
48.63
48.63
48.63
48.62
48.62
48.62
48.61
48.61
48.61
48.61
48.6
48.6
48.59
48.59
48.59
48.58
48.58
48.57
48.57
48.57
48.56
48.56
48.56
48.56
48.55
48.55
48.55
48.55
48.54
48.54
48.54
48.53
48.53
48.53
48.52
48.52
48.52
48.51
48.51
48.51
48.5
48.5
48.5
48.49
48.49
48.49
48.48
48.48
48.47
48.47
48.46
48.46
48.46
48.45
48.45
48.44
48.44
48.44
48.43
48.43
48.43
48.43
48.42
48.42
48.41
48.41
48.41
48.4
48.4
48.4
48.39
48.39
48.39
48.38
48.38
48.37
48.37
48.36
48.36
48.36
48.35
48.35
48.34
48.34
48.34
48.33
48.33
48.33
48.32
48.32
48.31
48.31
48.31
48.3
48.3
48.29
48.29
48.29
48.28
48.28
48.28
48.28
48.27
48.27
48.26
48.26
48.26
48.25
48.25
48.24
48.23
48.23
48.22
48.22
48.22
48.21
48.21
48.2
48.2
48.2
48.19
48.19
48.19
48.18
48.18
48.17
48.17
48.16
48.16
48.15
48.15
48.15
48.14
48.14
48.14
48.14
48.13
48.13
48.13
48.13
48.12
48.12
48.11
48.11
48.11
48.1
48.1
48.09
48.09
48.09
48.08
48.08
48.08
48.08
48.07
48.07
48.07
48.06
48.06
48.06
48.05
48.05
48.04
48.04
48.04
48.03
48.03
48.02
48.02
48.02
48.01
48.01
48.01
48.0
48.0
47.99
47.99
47.99
47.99
47.98
47.98
47.98
47.98
47.97
47.97
47.97
47.97
47.96
47.96
47.96
47.95
47.95
47.95
47.94
47.94
47.93
47.93
47.93
47.92
47.92
47.91
47.91
47.91
47.9
47.9
47.9
47.89
47.89
47.89
47.88
47.88
47.88
47.88
47.87
47.87
47.87
47.87
47.86
47.86
47.86
47.85
47.85
47.84
47.84
47.83
47.83
47.83
47.82
47.82
47.82
47.82
47.82
47.81
47.81
47.81
47.8
47.8
47.8
47.79
47.79
47.79
47.79
47.78
47.78
47.78
47.77
47.77
47.77
47.77
47.76
47.76
47.76
47.76
47.76
47.75
47.75
47.75
47.75
47.74
47.74
47.74
47.73
47.73
47.73
47.72
47.72
47.72
47.72
47.71
47.71
47.71
47.7
47.7
47.69
47.69
47.69
47.68
47.68
47.67
47.67
47.67
47.67
47.66
47.66
47.66
47.66
47.65
47.65
47.65
47.64
47.64
47.64
47.63
47.63
47.62
47.62
47.62
47.61
47.61
47.61
47.6
47.6
47.6
47.6
47.6
47.6
47.6
47.59
47.59
47.59
47.59
47.59
47.59
47.58
47.58
47.58
47.58
47.57
47.57
47.57
47.57
47.56
47.56
47.56
47.55
47.55
47.55
47.54
47.54
47.54
47.53
47.53
47.53
47.53
47.52
47.52
47.52
47.51
47.51
47.5
47.5
47.5
47.49
47.49
47.48
47.48
47.48
47.47
47.47
47.47
47.46
47.46
47.46
47.46
47.46
47.46
47.45
47.45
47.45
47.45
47.45
47.45
47.44
47.44
47.44
47.44
47.44
47.43
47.43
47.43
47.43
47.42
47.42
47.42
47.42
47.41
47.41
47.41
47.4
47.4
47.39
47.39
47.39
47.38
47.38
47.37
47.37
47.37
47.37
47.36
47.36
47.36
47.36
47.36
47.36
47.35
47.35
47.35
47.35
47.34
47.34
47.34
47.33
47.33
47.32
47.32
47.32
47.31
47.31
47.31
47.31
47.3
47.3
47.3
47.3
47.29
47.29
47.29
47.29
47.29
47.28
47.28
47.28
47.28
47.27
47.27
47.27
47.27
47.27
47.26
47.26
47.26
47.26
47.25
47.25
47.24
47.24
47.24
47.23
47.23
47.23
47.22
47.22
47.22
47.22
47.22
47.21
47.21
47.21
47.21
47.2
47.2
47.19
47.19
47.19
47.18
47.18
47.18
47.17
47.17
47.17
47.17
47.17
47.16
47.16
47.16
47.16
47.16
47.16
47.15
47.15
47.15
47.15
47.15
47.15
47.14
47.14
47.14
47.14
47.13
47.13
47.13
47.12
47.12
47.12
47.11
47.11
47.1
47.1
47.09
47.09
47.08
47.08
47.08
47.07
47.06
47.06
47.06
47.05
47.05
47.05
47.04
47.04
47.04
47.03
47.03
47.03
47.03
47.02
47.02
47.02
47.02
47.01
47.01
47.01
47.0
47.0
47.0
46.99
46.99
46.99
46.98
46.98
46.97
46.97
46.96
46.96
46.96
46.95
46.95
46.95
46.94
46.94
46.94
46.93
46.93
46.93
46.92
46.92
46.91
46.91
46.91
46.9
46.9
46.9
46.89
46.89
46.89
46.89
46.88
46.88
46.88
46.87
46.87
46.87
46.86
46.86
46.86
46.85
46.85
46.85
46.85
46.84
46.84
46.83
46.83
46.82
46.82
46.81
46.81
46.8
46.8
46.79
46.79
46.79
46.78
46.78
46.77
46.77
46.76
46.76
46.75
46.75
46.74
46.73
46.73
46.73
46.72
46.72
46.71
46.71
46.71
46.71
46.7
46.7
46.7
46.7
46.7
46.69
46.69
46.69
46.68
46.68
46.68
46.67
46.67
46.67
46.66
46.66
46.65
46.65
46.64
46.64
46.64
46.63
46.63
46.63
46.62
46.62
46.62
46.61
46.61
46.6
46.6
46.6
46.59
46.59
46.58
46.58
46.58
46.57
46.57
46.56
46.56
46.55
46.55
46.55
46.54
46.54
46.53
46.53
46.53
46.52
46.52
46.52
46.52
46.51
46.51
46.51
46.5
46.5
46.49
46.49
46.48
46.47
46.47
46.46
46.46
46.45
46.45
46.44
46.44
46.44
46.44
46.43
46.43
46.43
46.43
46.42
46.42
46.42
46.41
46.41
46.41
46.4
46.4
46.39
46.39
46.39
46.38
46.38
46.38
46.38
46.37
46.37
46.36
46.36
46.35
46.35
46.34
46.34
46.33
46.33
46.33
46.32
46.32
46.32
46.31
46.31
46.31
46.31
46.3
46.3
46.3
46.3
46.29
46.29
46.29
46.28
46.28
46.28
46.27
46.27
46.27
46.26
46.26
46.26
46.26
46.25
46.25
46.25
46.25
46.25
46.24
46.24
46.24
46.23
46.23
46.22
46.22
46.21
46.21
46.2
46.2
46.2
46.19
46.19
46.19
46.18
46.18
46.18
46.17
46.17
46.16
46.16
46.16
46.15
46.15
46.15
46.14
46.14
46.14
46.13
46.13
46.13
46.12
46.12
46.12
46.12
46.11
46.11
46.11
46.1
46.1
46.1
46.09
46.09
46.09
46.09
46.08
46.08
46.08
46.08
46.07
46.07
46.07
46.06
46.06
46.06
46.06
46.05
46.05
46.05
46.05
46.04
46.04
46.04
46.03
46.03
46.03
46.02
46.02
46.02
46.02
46.01
46.01
46.01
46.0
46.0
46.0
46.0
45.99
45.99
45.99
45.99
45.98
45.98
45.98
45.97
45.97
45.97
45.96
45.96
45.96
45.96
45.95
45.95
45.95
45.95
45.94
45.94
45.94
45.93
45.93
45.92
45.92
45.92
45.92
45.92
45.91
45.91
45.91
45.91
45.91
45.91
45.9
45.9
45.9
45.89
45.89
45.89
45.88
45.88
45.88
45.87
45.87
45.87
45.86
45.86
45.86
45.86
45.85
45.85
45.85
45.85
45.84
45.84
45.83
45.83
45.82
45.82
45.82
45.82
45.81
45.81
45.81
45.81
45.8
45.8
45.8
45.79
45.79
45.78
45.78
45.78
45.77
45.77
45.76
45.76
45.76
45.75
45.75
45.75
45.75
45.74
45.74
45.74
45.74
45.74
45.73
45.73
45.73
45.73
45.73
45.72
45.72
45.72
45.72
45.71
45.71
45.71
45.71
45.7
45.7
45.7
45.69
45.69
45.68
45.68
45.68
45.67
45.67
45.66
45.66
45.66
45.66
45.65
45.65
45.65
45.65
45.64
45.64
45.64
45.64
45.63
45.63
45.62
45.62
45.62
45.61
45.61
45.61
45.6
45.6
45.6
45.59
45.59
45.59
45.58
45.58
45.58
45.57
45.57
45.57
45.56
45.56
45.56
45.55
45.55
45.55
45.54
45.54
45.54
45.53
45.53
45.53
45.52
45.52
45.51
45.51
45.51
45.5
45.5
45.5
45.49
45.49
45.49
45.48
45.48
45.48
45.47
45.47
45.47
45.46
45.46
45.46
45.45
45.45
45.45
45.45
45.44
45.44
45.44
45.44
45.44
45.43
45.43
45.43
45.42
45.42
45.42
45.41
45.41
45.41
45.4
45.4
45.4
45.39
45.39
45.39
45.38
45.38
45.38
45.37
45.37
45.37
45.36
45.36
45.36
45.36
45.35
45.35
45.35
45.34
45.34
45.34
45.33
45.33
45.33
45.33
45.33
45.32
45.32
45.32
45.32
45.32
45.32
45.31
45.31
45.31
45.3
45.3
45.3
45.29
45.29
45.29
45.28
45.28
45.28
45.27
45.27
45.27
45.27
45.26
45.26
45.25
45.25
45.25
45.25
45.24
45.24
45.24
45.23
45.23
45.23
45.23
45.22
45.22
45.22
45.22
45.21
45.21
45.21
45.21
45.2
45.2
45.2
45.2
45.2
45.2
45.19
45.19
45.19
45.19
45.18
45.18
45.18
45.18
45.17
45.17
45.17
45.16
45.16
45.16
45.15
45.15
45.14
45.14
45.14
45.14
45.13
45.13
45.13
45.13
45.13
45.13
45.12
45.12
45.12
45.12
45.11
45.11
45.11
45.1
45.1
45.1
45.1
45.09
45.09
45.09
45.08
45.08
45.08
45.07
45.07
45.06
45.06
45.05
45.05
45.04
45.04
45.03
45.03
45.03
45.02
45.02
45.02
45.02
45.02
45.01
45.01
45.01
45.01
45.01
45.0
45.0
45.0
45.0
44.99
44.99
44.99
44.99
44.98
44.98
44.98
44.98
44.98
44.97
44.97
44.97
44.96
44.96
44.96
44.95
44.95
44.94
44.94
44.94
44.93
44.93
44.93
44.93
44.92
44.92
44.92
44.91
44.91
44.91
44.91
44.9
44.9
44.9
44.9
44.89
44.89
44.89
44.88
44.88
44.88
44.87
44.87
44.87
44.87
44.86
44.86
44.85
44.85
44.85
44.84
44.84
44.83
44.83
44.83
44.82
44.82
44.82
44.81
44.81
44.8
44.8
44.79
44.79
44.78
44.78
44.78
44.77
44.77
44.77
44.76
44.76
44.76
44.76
44.75
44.75
44.75
44.75
44.74
44.74
44.74
44.73
44.73
44.73
44.72
44.72
44.72
44.71
44.71
44.7
44.7
44.7
44.69
44.69
44.69
44.69
44.68
44.68
44.68
44.67
44.67
44.67
44.66
44.66
44.66
44.65
44.65
44.64
44.64
44.64
44.63
44.63
44.63
44.62
44.62
44.62
44.62
44.61
44.61
44.61
44.6
44.6
44.6
44.59
44.59
44.59
44.58
44.58
44.58
44.57
44.57
44.56
44.56
44.55
44.55
44.54
44.54
44.53
44.53
44.53
44.52
44.52
44.52
44.52
44.52
44.52
44.51
44.51
44.51
44.51
44.51
44.5
44.5
44.5
44.5
44.5
44.49
44.49
44.49
44.48
44.48
44.48
44.48
44.47
44.47
44.47
44.46
44.46
44.46
44.45
44.45
44.45
44.44
44.44
44.43
44.43
44.43
44.42
44.42
44.42
44.41
44.41
44.41
44.41
44.4
44.4
44.4
44.4
44.39
44.39
44.39
44.38
44.38
44.38
44.37
44.37
44.37
44.36
44.36
44.36
44.35
44.35
44.34
44.34
44.34
44.33
44.33
44.33
44.33
44.32
44.32
44.31
44.31
44.31
44.31
44.3
44.3
44.3
44.3
44.29
44.29
44.29
44.29
44.28
44.28
44.28
44.28
44.27
44.27
44.27
44.26
44.26
44.26
44.25
44.25
44.25
44.24
44.24
44.24
44.24
44.23
44.23
44.23
44.22
44.22
44.22
44.21
44.21
44.21
44.2
44.2
44.2
44.19
44.19
44.19
44.18
44.18
44.18
44.17
44.17
44.17
44.16
44.16
44.16
44.15
44.15
44.15
44.15
44.14
44.14
44.14
44.13
44.13
44.13
44.13
44.12
44.12
44.12
44.11
44.11
44.1
44.1
44.1
44.09
44.09
44.08
44.08
44.07
44.07
44.07
44.06
44.06
44.06
44.05
44.05
44.05
44.05
44.04
44.04
44.04
44.03
44.03
44.03
44.02
44.02
44.02
44.02
44.01
44.01
44.01
44.01
44.01
44.0
44.0
44.0
44.0
43.99
43.99
43.99
43.99
43.98
43.98
43.98
43.98
43.97
43.97
43.97
43.96
43.96
43.95
43.95
43.95
43.94
43.94
43.94
43.94
43.94
43.93
43.93
43.93
43.93
43.92
43.92
43.92
43.91
43.91
43.91
43.9
43.9
43.9
43.89
43.89
43.89
43.88
43.88
43.87
43.87
43.87
43.87
43.86
43.86
43.86
43.85
43.85
43.85
43.85
43.84
43.84
43.84
43.84
43.83
43.83
43.83
43.82
43.82
43.82
43.82
43.82
43.81
43.81
43.81
43.81
43.8
43.8
43.8
43.79
43.79
43.79
43.78
43.78
43.78
43.77
43.77
43.77
43.76
43.76
43.76
43.76
43.75
43.75
43.75
43.75
43.74
43.74
43.74
43.73
43.73
43.73
43.73
43.73
43.72
43.72
43.72
43.72
43.71
43.71
43.71
43.7
43.7
43.69
43.69
43.68
43.68
43.67
43.67
43.66
43.66
43.66
43.66
43.65
43.65
43.65
43.65
43.65
43.65
43.64
43.64
43.64
43.64
43.63
43.63
43.63
43.62
43.62
43.62
43.61
43.61
43.61
43.61
43.61
43.6
43.6
43.6
43.6
43.59
43.59
43.58
43.58
43.57
43.57
43.56
43.56
43.55
43.55
43.55
43.55
43.55
43.54
43.54
43.54
43.53
43.53
43.52
43.52
43.51
43.51
43.51
43.5
43.5
43.49
43.49
43.49
43.48
43.48
43.48
43.48
43.47
43.47
43.47
43.46
43.46
43.46
43.45
43.45
43.45
43.44
43.44
43.43
43.43
43.43
43.42
43.42
43.41
43.41
43.41
43.41
43.41
43.4
43.4
43.4
43.4
43.39
43.39
43.39
43.39
43.38
43.38
43.38
43.38
43.37
43.37
43.36
43.36
43.35
43.34
43.34
43.33
43.33
43.32
43.31
43.31
43.3
43.3
43.3
43.29
43.29
43.29
43.28
43.28
43.27
43.27
43.26
43.26
43.25
43.25
43.24
43.24
43.24
43.23
43.23
43.22
43.22
43.21
43.21
43.21
43.2
43.2
43.2
43.19
43.19
43.19
43.19
43.18
43.18
43.18
43.17
43.17
43.17
43.17
43.16
43.16
43.15
43.15
43.15
43.15
43.14
43.14
43.14
43.13
43.13
43.13
43.13
43.12
43.12
43.12
43.12
43.11
43.11
43.11
43.1
43.1
43.1
43.09
43.09
43.09
43.08
43.08
43.08
43.07
43.07
43.07
43.06
43.06
43.05
43.05
43.05
43.05
43.04
43.04
43.04
43.04
43.03
43.03
43.03
43.03
43.02
43.02
43.02
43.02
43.01
43.01
43.0
43.0
42.99
42.99
42.99
42.98
42.98
42.97
42.97
42.97
42.96
42.96
42.96
42.96
42.95
42.95
42.95
42.95
42.94
42.94
42.94
42.94
42.93
42.93
42.93
42.93
42.92
42.92
42.92
42.92
42.92
42.92
42.91
42.91
42.91
42.91
42.9
42.9
42.9
42.89
42.89
42.89
42.88
42.88
42.88
42.87
42.87
42.87
42.87
42.86
42.86
42.86
42.85
42.85
42.85
42.84
42.84
42.83
42.83
42.82
42.82
42.82
42.81
42.81
42.81
42.8
42.8
42.8
42.8
42.79
42.79
42.79
42.78
42.78
42.78
42.77
42.77
42.77
42.76
42.76
42.76
42.76
42.75
42.75
42.75
42.75
42.74
42.74
42.74
42.73
42.73
42.73
42.73
42.72
42.72
42.72
42.71
42.71
42.71
42.71
42.7
42.7
42.7
42.69
42.69
42.69
42.69
42.68
42.68
42.68
42.67
42.67
42.67
42.66
42.66
42.66
42.65
42.65
42.64
42.64
42.64
42.63
42.63
42.63
42.62
42.62
42.62
42.61
42.61
42.61
42.61
42.6
42.6
42.6
42.59
42.59
42.59
42.58
42.58
42.57
42.57
42.56
42.56
42.56
42.55
42.55
42.54
42.54
42.54
42.53
42.53
42.52
42.52
42.52
42.51
42.51
42.51
42.5
42.5
42.49
42.49
42.49
42.48
42.48
42.48
42.48
42.47
42.47
42.47
42.46
42.46
42.46
42.46
42.45
42.45
42.45
42.44
42.44
42.44
42.44
42.43
42.43
42.42
42.42
42.42
42.41
42.41
42.41
42.4
42.4
42.4
42.4
42.39
42.39
42.39
42.39
42.39
42.38
42.38
42.38
42.38
42.37
42.37
42.37
42.36
42.36
42.36
42.36
42.35
42.35
42.35
42.35
42.35
42.34
42.34
42.34
42.34
42.34
42.33
42.33
42.33
42.33
42.33
42.32
42.32
42.32
42.31
42.31
42.31
42.31
42.3
42.3
42.29
42.29
42.29
42.28
42.28
42.28
42.27
42.27
42.27
42.26
42.26
42.26
42.25
42.25
42.25
42.25
42.24
42.24
42.24
42.24
42.23
42.23
42.23
42.22
42.22
42.21
42.2
42.2
42.19
42.19
42.18
42.17
42.17
42.17
42.16
42.16
42.16
42.15
42.15
42.14
42.14
42.13
42.13
42.12
42.12
42.11
42.11
42.1
42.1
42.1
42.09
42.09
42.08
42.08
42.08
42.07
42.07
42.07
42.06
42.06
42.05
42.05
42.05
42.04
42.04
42.03
42.03
42.03
42.02
42.02
42.02
42.01
42.01
42.0
42.0
42.0
41.99
41.99
41.98
41.98
41.98
41.97
41.97
41.97
41.96
41.96
41.96
41.96
41.96
41.95
41.95
41.95
41.95
41.94
41.94
41.94
41.94
41.93
41.93
41.93
41.92
41.92
41.92
41.92
41.91
41.91
41.91
41.9
41.9
41.9
41.9
41.89
41.89
41.89
41.89
41.89
41.88
41.88
41.88
41.88
41.88
41.88
41.87
41.87
41.87
41.87
41.86
41.86
41.86
41.85
41.85
41.85
41.84
41.84
41.83
41.83
41.83
41.83
41.82
41.82
41.82
41.82
41.82
41.81
41.81
41.81
41.81
41.81
41.8
41.8
41.8
41.8
41.8
41.79
41.79
41.79
41.78
41.78
41.78
41.77
41.77
41.77
41.77
41.76
41.76
41.76
41.75
41.75
41.75
41.74
41.74
41.74
41.73
41.73
41.72
41.72
41.72
41.71
41.71
41.71
41.71
41.71
41.7
41.7
41.7
41.7
41.7
41.7
41.69
41.69
41.69
41.69
41.69
41.68
41.68
41.68
41.67
41.67
41.67
41.66
41.66
41.65
41.65
41.65
41.65
41.64
41.64
41.64
41.64
41.63
41.63
41.63
41.62
41.62
41.62
41.61
41.61
41.61
41.6
41.6
41.6
41.6
41.59
41.59
41.59
41.59
41.58
41.58
41.58
41.57
41.57
41.57
41.56
41.56
41.56
41.56
41.55
41.55
41.55
41.54
41.54
41.54
41.54
41.53
41.53
41.53
41.53
41.52
41.52
41.52
41.51
41.51
41.51
41.51
41.5
41.5
41.5
41.49
41.49
41.49
41.49
41.48
41.48
41.47
41.47
41.46
41.46
41.45
41.45
41.45
41.44
41.44
41.43
41.43
41.43
41.43
41.42
41.42
41.42
41.42
41.42
41.41
41.41
41.41
41.4
41.4
41.4
41.39
41.39
41.39
41.38
41.38
41.38
41.38
41.37
41.37
41.37
41.37
41.36
41.36
41.36
41.35
41.35
41.34
41.34
41.34
41.33
41.33
41.32
41.32
41.31
41.31
41.3
41.3
41.29
41.29
41.29
41.28
41.28
41.28
41.27
41.27
41.27
41.26
41.26
41.26
41.26
41.26
41.25
41.25
41.25
41.25
41.25
41.24
41.24
41.24
41.24
41.24
41.23
41.23
41.23
41.23
41.22
41.22
41.22
41.22
41.21
41.21
41.21
41.2
41.2
41.2
41.2
41.19
41.19
41.19
41.18
41.18
41.18
41.18
41.17
41.17
41.17
41.16
41.16
41.16
41.15
41.15
41.15
41.14
41.14
41.14
41.13
41.13
41.13
41.12
41.12
41.12
41.12
41.11
41.11
41.11
41.1
41.1
41.1
41.1
41.09
41.09
41.09
41.09
41.08
41.08
41.08
41.08
41.07
41.07
41.07
41.07
41.07
41.06
41.06
41.06
41.06
41.05
41.05
41.04
41.04
41.03
41.03
41.02
41.02
41.02
41.01
41.01
41.01
41.0
41.0
40.99
40.99
40.99
40.98
40.98
40.97
40.97
40.97
40.96
40.96
40.96
40.95
40.95
40.95
40.94
40.94
40.94
40.93
40.93
40.92
40.92
40.91
40.91
40.9
40.9
40.9
40.89
40.89
40.88
40.88
40.88
40.87
40.87
40.86
40.86
40.86
40.85
40.85
40.85
40.84
40.84
40.84
40.84
40.83
40.83
40.83
40.83
40.82
40.82
40.82
40.81
40.81
40.81
40.81
40.8
40.8
40.8
40.8
40.79
40.79
40.79
40.79
40.78
40.78
40.78
40.77
40.77
40.76
40.76
40.76
40.75
40.75
40.75
40.74
40.74
40.74
40.73
40.73
40.73
40.73
40.72
40.72
40.72
40.72
40.72
40.71
40.71
40.71
40.71
40.7
40.7
40.7
40.69
40.69
40.69
40.68
40.68
40.67
40.67
40.66
40.66
40.66
40.65
40.65
40.65
40.65
40.64
40.64
40.64
40.64
40.63
40.63
40.63
40.63
40.63
40.63
40.62
40.62
40.62
40.62
40.62
40.61
40.61
40.61
40.6
40.6
40.6
40.59
40.59
40.59
40.59
40.58
40.58
40.58
40.58
40.58
40.57
40.57
40.57
40.57
40.56
40.56
40.56
40.56
40.55
40.55
40.55
40.54
40.54
40.54
40.54
40.53
40.53
40.53
40.53
40.52
40.52
40.52
40.51
40.51
40.5
40.5
40.5
40.49
40.49
40.48
40.48
40.48
40.48
40.48
40.47
40.47
40.47
40.47
40.47
40.46
40.46
40.46
40.46
40.45
40.45
40.45
40.45
40.44
40.44
40.43
40.43
40.43
40.42
40.42
40.41
40.41
40.41
40.41
40.4
40.4
40.4
40.39
40.39
40.39
40.39
40.39
40.38
40.38
40.38
40.38
40.38
40.37
40.37
40.37
40.37
40.37
40.36
40.36
40.36
40.36
40.35
40.35
40.35
40.34
40.34
40.33
40.33
40.33
40.32
40.32
40.31
40.31
40.31
40.3
40.3
40.3
40.29
40.29
40.29
40.29
40.28
40.28
40.28
40.28
40.27
40.27
40.27
40.26
40.26
40.26
40.25
40.25
40.25
40.25
40.24
40.24
40.24
40.23
40.23
40.23
40.22
40.22
40.21
40.21
40.2
40.2
40.2
40.19
40.19
40.19
40.18
40.18
40.18
40.17
40.17
40.17
40.16
40.16
40.16
40.16
40.15
40.15
40.15
40.14
40.14
40.14
40.13
40.13
40.13
40.12
40.12
40.12
40.11
40.11
40.11
40.1
40.1
40.1
40.09
40.09
40.09
40.09
40.08
40.08
40.08
40.07
40.07
40.07
40.06
40.06
40.06
40.05
40.05
40.05
40.05
40.04
40.04
40.04
40.03
40.03
40.03
40.02
40.02
40.01
40.01
40.01
40.0
40.0
40.0
39.99
39.99
39.99
39.99
39.98
39.98
39.98
39.97
39.97
39.97
39.96
39.96
39.96
39.96
39.95
39.95
39.95
39.94
39.94
39.93
39.93
39.92
39.92
39.91
39.91
39.91
39.9
39.9
39.9
39.9
39.9
39.89
39.89
39.89
39.89
39.88
39.88
39.88
39.88
39.88
39.87
39.87
39.87
39.87
39.86
39.86
39.86
39.86
39.85
39.85
39.85
39.84
39.84
39.84
39.83
39.83
39.83
39.82
39.82
39.81
39.81
39.81
39.8
39.8
39.8
39.79
39.79
39.79
39.78
39.78
39.77
39.77
39.77
39.77
39.76
39.76
39.76
39.75
39.75
39.75
39.74
39.74
39.74
39.73
39.73
39.73
39.73
39.73
39.72
39.72
39.72
39.71
39.71
39.71
39.7
39.7
39.7
39.69
39.69
39.69
39.68
39.68
39.68
39.68
39.67
39.67
39.67
39.67
39.67
39.67
39.66
39.66
39.66
39.66
39.65
39.65
39.65
39.64
39.64
39.64
39.63
39.63
39.63
39.62
39.62
39.62
39.62
39.61
39.61
39.61
39.61
39.6
39.6
39.6
39.6
39.59
39.59
39.59
39.58
39.58
39.58
39.57
39.57
39.56
39.56
39.55
39.55
39.55
39.55
39.54
39.54
39.53
39.53
39.53
39.53
39.52
39.52
39.52
39.51
39.51
39.51
39.5
39.5
39.5
39.49
39.49
39.48
39.48
39.47
39.47
39.46
39.46
39.45
39.45
39.45
39.44
39.44
39.44
39.43
39.43
39.43
39.42
39.42
39.42
39.41
39.41
39.41
39.4
39.4
39.39
39.39
39.38
39.38
39.37
39.37
39.37
39.36
39.36
39.36
39.36
39.36
39.35
39.35
39.35
39.35
39.34
39.34
39.34
39.33
39.33
39.33
39.32
39.32
39.32
39.31
39.31
39.31
39.3
39.3
39.3
39.3
39.3
39.29
39.29
39.28
39.28
39.27
39.27
39.27
39.26
39.26
39.25
39.25
39.25
39.25
39.24
39.24
39.24
39.24
39.23
39.23
39.23
39.22
39.22
39.22
39.22
39.21
39.21
39.21
39.2
39.2
39.2
39.19
39.19
39.19
39.19
39.18
39.18
39.18
39.18
39.18
39.17
39.17
39.17
39.17
39.16
39.16
39.16
39.15
39.15
39.15
39.15
39.14
39.14
39.14
39.14
39.13
39.13
39.13
39.13
39.12
39.12
39.11
39.11
39.11
39.11
39.1
39.1
39.1
39.09
39.09
39.09
39.08
39.08
39.08
39.07
39.07
39.07
39.07
39.07
39.06
39.06
39.06
39.06
39.05
39.05
39.05
39.04
39.04
39.04
39.03
39.03
39.03
39.03
39.02
39.02
39.02
39.02
39.01
39.01
39.01
39.0
39.0
39.0
38.99
38.98
38.98
38.97
38.97
38.96
38.96
38.96
38.95
38.95
38.95
38.95
38.94
38.94
38.94
38.94
38.94
38.93
38.93
38.93
38.93
38.92
38.92
38.92
38.92
38.91
38.91
38.9
38.9
38.9
38.89
38.89
38.88
38.88
38.87
38.87
38.87
38.86
38.86
38.86
38.86
38.85
38.85
38.85
38.85
38.84
38.84
38.84
38.83
38.83
38.83
38.82
38.82
38.82
38.82
38.81
38.81
38.81
38.8
38.8
38.79
38.79
38.79
38.78
38.78
38.78
38.77
38.77
38.76
38.76
38.75
38.75
38.74
38.74
38.73
38.73
38.73
38.72
38.72
38.72
38.71
38.71
38.71
38.7
38.7
38.7
38.69
38.69
38.68
38.68
38.68
38.67
38.67
38.67
38.67
38.66
38.66
38.66
38.65
38.65
38.64
38.64
38.64
38.63
38.63
38.63
38.63
38.63
38.62
38.62
38.62
38.62
38.61
38.61
38.61
38.6
38.6
38.59
38.59
38.59
38.58
38.58
38.58
38.57
38.57
38.57
38.57
38.56
38.56
38.56
38.55
38.55
38.55
38.55
38.54
38.54
38.54
38.53
38.53
38.53
38.53
38.52
38.52
38.52
38.51
38.51
38.51
38.5
38.5
38.5
38.49
38.49
38.49
38.48
38.48
38.48
38.47
38.47
38.46
38.46
38.46
38.46
38.45
38.45
38.45
38.45
38.45
38.45
38.44
38.44
38.44
38.44
38.43
38.43
38.43
38.42
38.42
38.42
38.41
38.41
38.41
38.4
38.4
38.4
38.4
38.4
38.39
38.39
38.39
38.38
38.38
38.38
38.37
38.37
38.36
38.36
38.36
38.35
38.35
38.35
38.34
38.34
38.34
38.33
38.33
38.33
38.32
38.32
38.32
38.32
38.31
38.31
38.31
38.31
38.31
38.3
38.3
38.3
38.29
38.29
38.28
38.28
38.27
38.27
38.27
38.26
38.26
38.26
38.26
38.25
38.25
38.25
38.24
38.24
38.24
38.23
38.23
38.23
38.23
38.22
38.22
38.22
38.22
38.21
38.21
38.21
38.21
38.2
38.2
38.2
38.2
38.19
38.19
38.19
38.19
38.18
38.18
38.18
38.18
38.17
38.17
38.17
38.16
38.16
38.16
38.16
38.15
38.15
38.15
38.14
38.14
38.13
38.13
38.13
38.12
38.12
38.12
38.11
38.11
38.11
38.11
38.1
38.1
38.1
38.09
38.09
38.09
38.08
38.08
38.07
38.07
38.06
38.06
38.05
38.05
38.04
38.04
38.03
38.03
38.03
38.02
38.02
38.01
38.01
38.01
38.0
38.0
38.0
37.99
37.99
37.99
37.99
37.98
37.98
37.98
37.98
37.97
37.97
37.97
37.96
37.96
37.96
37.95
37.95
37.94
37.94
37.93
37.93
37.92
37.92
37.91
37.91
37.9
37.9
37.89
37.89
37.89
37.88
37.88
37.87
37.87
37.87
37.86
37.86
37.86
37.86
37.85
37.85
37.85
37.85
37.84
37.84
37.84
37.83
37.83
37.82
37.82
37.82
37.81
37.81
37.8
37.8
37.8
37.79
37.79
37.79
37.78
37.78
37.78
37.77
37.77
37.76
37.76
37.76
37.75
37.75
37.75
37.74
37.74
37.73
37.73
37.73
37.72
37.72
37.71
37.7
37.7
37.69
37.69
37.68
37.67
37.67
37.66
37.66
37.65
37.65
37.65
37.64
37.64
37.63
37.63
37.63
37.62
37.62
37.61
37.61
37.6
37.6
37.6
37.59
37.59
37.59
37.58
37.58
37.58
37.58
37.57
37.57
37.57
37.56
37.56
37.56
37.55
37.55
37.55
37.54
37.54
37.54
37.53
37.53
37.52
37.52
37.52
37.51
37.51
37.5
37.5
37.5
37.49
37.48
37.48
37.47
37.47
37.46
37.46
37.45
37.45
37.44
37.44
37.43
37.43
37.43
37.42
37.42
37.41
37.41
37.4
37.4
37.4
37.39
37.39
37.38
37.38
37.38
37.38
37.37
37.37
37.36
37.36
37.35
37.35
37.35
37.34
37.34
37.34
37.33
37.33
37.33
37.33
37.33
37.32
37.32
37.32
37.32
37.32
37.31
37.31
37.31
37.3
37.3
37.3
37.3
37.3
37.29
37.29
37.29
37.29
37.28
37.28
37.28
37.27
37.27
37.26
37.26
37.26
37.25
37.25
37.25
37.24
37.24
37.24
37.23
37.23
37.22
37.22
37.22
37.21
37.21
37.2
37.2
37.2
37.2
37.19
37.19
37.18
37.18
37.18
37.17
37.17
37.16
37.16
37.16
37.15
37.15
37.15
37.15
37.15
37.14
37.14
37.14
37.13
37.13
37.13
37.12
37.12
37.12
37.12
37.11
37.11
37.11
37.1
37.1
37.1
37.1
37.1
37.09
37.09
37.09
37.09
37.08
37.08
37.08
37.08
37.07
37.07
37.07
37.07
37.06
37.06
37.06
37.06
37.06
37.05
37.05
37.05
37.04
37.04
37.04
37.04
37.03
37.03
37.03
37.03
37.02
37.02
37.02
37.02
37.02
37.01
37.01
37.01
37.01
37.01
37.0
37.0
37.0
37.0
36.99
36.99
36.99
36.99
36.98
36.98
36.98
36.98
36.98
36.97
36.97
36.97
36.96
36.96
36.96
36.95
36.95
36.94
36.94
36.94
36.94
36.93
36.93
36.93
36.93
36.92
36.92
36.92
36.92
36.91
36.91
36.91
36.91
36.91
36.91
36.9
36.9
36.9
36.9
36.9
36.89
36.89
36.89
36.88
36.88
36.88
36.87
36.87
36.86
36.86
36.86
36.85
36.85
36.85
36.84
36.84
36.84
36.83
36.83
36.83
36.82
36.82
36.82
36.81
36.81
36.81
36.81
36.8
36.8
36.8
36.8
36.8
36.79
36.79
36.79
36.79
36.79
36.78
36.78
36.78
36.78
36.77
36.77
36.77
36.77
36.76
36.76
36.76
36.76
36.75
36.75
36.75
36.74
36.74
36.74
36.73
36.73
36.73
36.72
36.72
36.72
36.72
36.71
36.71
36.71
36.71
36.71
36.7
36.7
36.7
36.7
36.7
36.69
36.69
36.69
36.68
36.68
36.67
36.67
36.67
36.66
36.66
36.66
36.65
36.65
36.65
36.65
36.64
36.64
36.64
36.63
36.63
36.63
36.62
36.62
36.62
36.61
36.61
36.6
36.6
36.6
36.59
36.59
36.59
36.59
36.59
36.59
36.58
36.58
36.58
36.58
36.57
36.57
36.57
36.56
36.56
36.56
36.55
36.55
36.54
36.54
36.54
36.54
36.53
36.53
36.53
36.53
36.52
36.52
36.52
36.52
36.51
36.51
36.51
36.5
36.5
36.5
36.49
36.49
36.48
36.48
36.48
36.47
36.47
36.47
36.46
36.46
36.46
36.46
36.45
36.45
36.45
36.44
36.44
36.44
36.43
36.43
36.43
36.42
36.42
36.42
36.41
36.41
36.41
36.41
36.41
36.4
36.4
36.4
36.39
36.39
36.39
36.38
36.38
36.38
36.38
36.37
36.37
36.37
36.37
36.36
36.36
36.36
36.35
36.35
36.35
36.34
36.34
36.33
36.33
36.32
36.32
36.32
36.32
36.31
36.31
36.31
36.31
36.3
36.3
36.3
36.3
36.29
36.29
36.29
36.29
36.28
36.28
36.28
36.27
36.27
36.27
36.26
36.26
36.26
36.26
36.25
36.25
36.25
36.25
36.25
36.25
36.24
36.24
36.24
36.24
36.23
36.23
36.23
36.22
36.22
36.21
36.21
36.21
36.2
36.2
36.19
36.19
36.19
36.19
36.18
36.18
36.18
36.18
36.18
36.17
36.17
36.17
36.17
36.17
36.17
36.17
36.16
36.16
36.16
36.16
36.15
36.15
36.15
36.15
36.14
36.14
36.14
36.14
36.14
36.13
36.13
36.13
36.13
36.13
36.13
36.13
36.12
36.12
36.12
36.11
36.11
36.11
36.1
36.1
36.1
36.09
36.09
36.09
36.09
36.09
36.09
36.09
36.08
36.08
36.08
36.08
36.08
36.07
36.07
36.07
36.07
36.06
36.06
36.06
36.05
36.05
36.05
36.05
36.04
36.04
36.04
36.04
36.04
36.03
36.03
36.03
36.03
36.02
36.02
36.02
36.02
36.01
36.01
36.01
36.0
36.0
36.0
35.99
35.99
35.99
35.98
35.98
35.98
35.97
35.97
35.97
35.96
35.96
35.96
35.96
35.95
35.95
35.95
35.95
35.95
35.94
35.94
35.94
35.94
35.94
35.93
35.93
35.93
35.92
35.92
35.92
35.91
35.91
35.9
35.9
35.9
35.89
35.89
35.89
35.88
35.88
35.88
35.88
35.87
35.87
35.87
35.86
35.86
35.86
35.86
35.86
35.85
35.85
35.85
35.85
35.85
35.85
35.85
35.84
35.84
35.84
35.84
35.83
35.83
35.83
35.82
35.82
35.82
35.81
35.81
35.81
35.8
35.8
35.8
35.79
35.79
35.79
35.79
35.78
35.78
35.78
35.78
35.78
35.77
35.77
35.77
35.77
35.77
35.76
35.76
35.76
35.76
35.75
35.75
35.75
35.75
35.74
35.74
35.74
35.74
35.73
35.73
35.73
35.73
35.72
35.72
35.72
35.72
35.72
35.71
35.71
35.7
35.7
35.7
35.69
35.69
35.69
35.68
35.68
35.68
35.67
35.67
35.67
35.67
35.67
35.66
35.66
35.66
35.66
35.65
35.65
35.65
35.65
35.64
35.64
35.64
35.64
35.63
35.63
35.63
35.62
35.62
35.62
35.62
35.61
35.61
35.61
35.61
35.6
35.6
35.6
35.6
35.59
35.59
35.59
35.59
35.59
35.58
35.58
35.58
35.58
35.58
35.57
35.57
35.57
35.57
35.56
35.56
35.56
35.56
35.55
35.55
35.55
35.55
35.54
35.54
35.53
35.53
35.53
35.53
35.52
35.52
35.52
35.51
35.51
35.51
35.51
35.5
35.5
35.5
35.49
35.49
35.49
35.49
35.49
35.48
35.48
35.48
35.47
35.47
35.47
35.47
35.46
35.46
35.46
35.46
35.46
35.45
35.45
35.45
35.44
35.44
35.44
35.44
35.43
35.43
35.43
35.42
35.42
35.42
35.42
35.42
35.41
35.41
35.41
35.41
35.4
35.4
35.39
35.39
35.39
35.38
35.38
35.37
35.37
35.36
35.36
35.35
35.35
35.34
35.34
35.33
35.33
35.32
35.32
35.32
35.32
35.31
35.31
35.31
35.31
35.3
35.3
35.3
35.29
35.29
35.29
35.28
35.28
35.27
35.27
35.26
35.26
35.26
35.25
35.25
35.25
35.24
35.24
35.24
35.23
35.23
35.23
35.23
35.22
35.22
35.22
35.22
35.21
35.21
35.21
35.2
35.2
35.2
35.2
35.19
35.19
35.19
35.18
35.18
35.18
35.18
35.17
35.17
35.17
35.17
35.16
35.16
35.15
35.15
35.15
35.14
35.14
35.13
35.13
35.13
35.13
35.12
35.12
35.12
35.11
35.11
35.11
35.11
35.11
35.1
35.1
35.1
35.1
35.09
35.09
35.09
35.09
35.08
35.08
35.08
35.07
35.07
35.07
35.06
35.06
35.06
35.05
35.05
35.05
35.05
35.04
35.04
35.03
35.03
35.03
35.02
35.02
35.01
35.01
35.01
35.0
35.0
35.0
34.99
34.99
34.99
34.98
34.98
34.98
34.97
34.97
34.97
34.96
34.96
34.95
34.95
34.95
34.94
34.94
34.94
34.94
34.93
34.93
34.93
34.92
34.92
34.92
34.91
34.91
34.9
34.9
34.9
34.89
34.89
34.89
34.89
34.89
34.89
34.88
34.88
34.88
34.88
34.87
34.87
34.86
34.86
34.85
34.85
34.85
34.84
34.84
34.84
34.83
34.83
34.82
34.82
34.82
34.81
34.81
34.81
34.8
34.8
34.8
34.8
34.8
34.79
34.79
34.79
34.79
34.78
34.78
34.78
34.78
34.77
34.77
34.77
34.76
34.76
34.76
34.75
34.75
34.75
34.74
34.74
34.74
34.73
34.73
34.72
34.72
34.71
34.71
34.7
34.7
34.7
34.69
34.69
34.69
34.69
34.68
34.68
34.68
34.68
34.68
34.67
34.67
34.67
34.67
34.67
34.66
34.66
34.66
34.66
34.65
34.65
34.65
34.64
34.64
34.63
34.63
34.63
34.62
34.62
34.61
34.61
34.61
34.61
34.61
34.6
34.6
34.6
34.6
34.59
34.59
34.59
34.58
34.58
34.58
34.57
34.57
34.57
34.57
34.56
34.56
34.56
34.56
34.56
34.56
34.55
34.55
34.55
34.55
34.54
34.54
34.53
34.53
34.52
34.52
34.51
34.51
34.51
34.5
34.5
34.5
34.49
34.49
34.49
34.48
34.48
34.48
34.47
34.47
34.47
34.46
34.46
34.46
34.45
34.45
34.45
34.44
34.44
34.44
34.43
34.43
34.43
34.43
34.43
34.42
34.42
34.41
34.41
34.4
34.4
34.4
34.39
34.39
34.39
34.39
34.38
34.38
34.38
34.37
34.37
34.36
34.36
34.36
34.35
34.35
34.34
34.34
34.34
34.34
34.34
34.33
34.33
34.33
34.33
34.32
34.32
34.32
34.31
34.31
34.31
34.3
34.3
34.3
34.3
34.29
34.29
34.29
34.29
34.28
34.28
34.28
34.28
34.27
34.27
34.27
34.27
34.27
34.27
34.26
34.26
34.26
34.25
34.25
34.25
34.24
34.24
34.24
34.23
34.23
34.23
34.22
34.22
34.22
34.21
34.21
34.21
34.2
34.2
34.2
34.19
34.19
34.19
34.18
34.18
34.17
34.17
34.17
34.16
34.16
34.16
34.15
34.15
34.15
34.14
34.14
34.14
34.14
34.14
34.14
34.13
34.13
34.13
34.12
34.12
34.12
34.12
34.11
34.11
34.11
34.1
34.1
34.1
34.1
34.09
34.09
34.09
34.08
34.08
34.08
34.08
34.08
34.07
34.07
34.07
34.07
34.06
34.06
34.06
34.06
34.05
34.05
34.05
34.04
34.04
34.04
34.04
34.04
34.03
34.03
34.03
34.03
34.03
34.02
34.02
34.02
34.02
34.01
34.01
34.01
34.0
34.0
34.0
33.99
33.99
33.99
33.98
33.98
33.98
33.97
33.97
33.97
33.97
33.97
33.97
33.96
33.96
33.96
33.95
33.95
33.95
33.94
33.94
33.93
33.93
33.92
33.92
33.92
33.91
33.91
33.91
33.9
33.9
33.9
33.9
33.89
33.89
33.89
33.88
33.88
33.87
33.87
33.87
33.87
33.86
33.86
33.86
33.85
33.85
33.85
33.85
33.84
33.84
33.84
33.84
33.84
33.83
33.83
33.83
33.83
33.82
33.82
33.82
33.82
33.81
33.81
33.81
33.81
33.81
33.8
33.8
33.8
33.8
33.79
33.79
33.79
33.78
33.78
33.78
33.78
33.77
33.77
33.77
33.77
33.77
33.76
33.76
33.76
33.76
33.75
33.75
33.75
33.74
33.74
33.74
33.74
33.73
33.73
33.73
33.73
33.73
33.72
33.72
33.72
33.71
33.71
33.71
33.71
33.7
33.7
33.7
33.69
33.69
33.69
33.69
33.68
33.68
33.67
33.67
33.67
33.66
33.66
33.66
33.66
33.65
33.65
33.65
33.64
33.64
33.64
33.64
33.63
33.63
33.63
33.63
33.63
33.62
33.62
33.62
33.62
33.61
33.61
33.61
33.6
33.6
33.6
33.59
33.59
33.59
33.58
33.58
33.58
33.57
33.57
33.57
33.56
33.56
33.56
33.55
33.55
33.55
33.54
33.54
33.54
33.54
33.54
33.53
33.53
33.53
33.53
33.52
33.52
33.51
33.51
33.51
33.5
33.5
33.5
33.49
33.49
33.49
33.49
33.48
33.48
33.48
33.47
33.47
33.47
33.46
33.46
33.46
33.46
33.45
33.45
33.45
33.44
33.44
33.44
33.43
33.43
33.43
33.42
33.42
33.42
33.41
33.41
33.41
33.41
33.4
33.4
33.4
33.4
33.39
33.39
33.39
33.38
33.38
33.38
33.37
33.37
33.36
33.36
33.36
33.36
33.35
33.35
33.35
33.34
33.34
33.34
33.34
33.33
33.33
33.33
33.33
33.32
33.32
33.32
33.32
33.31
33.31
33.31
33.3
33.3
33.3
33.3
33.29
33.29
33.29
33.28
33.28
33.28
33.27
33.27
33.27
33.26
33.26
33.26
33.26
33.25
33.25
33.25
33.25
33.25
33.24
33.24
33.24
33.24
33.23
33.23
33.23
33.22
33.22
33.22
33.21
33.21
33.2
33.2
33.2
33.2
33.19
33.19
33.19
33.19
33.18
33.18
33.18
33.18
33.18
33.17
33.17
33.17
33.17
33.16
33.16
33.16
33.16
33.15
33.15
33.15
33.15
33.14
33.14
33.14
33.13
33.13
33.12
33.12
33.11
33.11
33.1
33.09
33.09
33.09
33.08
33.08
33.08
33.08
33.07
33.07
33.07
33.07
33.07
33.07
33.06
33.06
33.06
33.05
33.05
33.05
33.04
33.04
33.04
33.03
33.03
33.03
33.02
33.02
33.02
33.01
33.01
33.01
33.01
33.0
33.0
33.0
33.0
32.99
32.99
32.99
32.98
32.98
32.98
32.97
32.97
32.97
32.96
32.96
32.96
32.96
32.96
32.95
32.95
32.95
32.94
32.94
32.94
32.93
32.93
32.92
32.92
32.92
32.91
32.91
32.91
32.91
32.9
32.9
32.9
32.89
32.89
32.89
32.88
32.88
32.87
32.87
32.87
32.87
32.86
32.86
32.86
32.86
32.86
32.85
32.85
32.85
32.84
32.84
32.83
32.83
32.83
32.82
32.82
32.81
32.81
32.81
32.81
32.81
32.8
32.8
32.8
32.8
32.79
32.79
32.79
32.78
32.78
32.78
32.77
32.77
32.77
32.76
32.76
32.76
32.76
32.75
32.75
32.75
32.75
32.74
32.74
32.74
32.74
32.74
32.74
32.73
32.73
32.73
32.72
32.72
32.71
32.71
32.7
32.7
32.69
32.69
32.68
32.68
32.68
32.67
32.67
32.67
32.66
32.66
32.66
32.65
32.65
32.65
32.65
32.64
32.64
32.64
32.64
32.63
32.63
32.62
32.62
32.62
32.61
32.61
32.61
32.6
32.6
32.6
32.59
32.59
32.59
32.58
32.58
32.58
32.58
32.57
32.57
32.57
32.57
32.56
32.56
32.55
32.55
32.55
32.54
32.54
32.54
32.53
32.53
32.53
32.52
32.52
32.52
32.51
32.51
32.5
32.5
32.5
32.49
32.49
32.49
32.48
32.48
32.48
32.48
32.47
32.47
32.47
32.47
32.46
32.46
32.46
32.46
32.45
32.45
32.45
32.45
32.44
32.44
32.44
32.43
32.43
32.43
32.42
32.42
32.41
32.41
32.41
32.4
32.4
32.39
32.39
32.39
32.39
32.38
32.38
32.38
32.38
32.37
32.37
32.37
32.37
32.36
32.36
32.36
32.36
32.36
32.35
32.35
32.35
32.35
32.34
32.34
32.33
32.33
32.33
32.32
32.32
32.31
32.31
32.3
32.3
32.29
32.29
32.28
32.28
32.28
32.27
32.27
32.26
32.26
32.25
32.25
32.24
32.24
32.23
32.23
32.22
32.22
32.22
32.21
32.21
32.2
32.2
32.19
32.19
32.19
32.18
32.18
32.18
32.17
32.17
32.17
32.16
32.16
32.16
32.15
32.15
32.14
32.13
32.13
32.13
32.12
32.12
32.11
32.11
32.11
32.1
32.1
32.1
32.09
32.08
32.08
32.07
32.06
32.06
32.05
32.05
32.04
32.04
32.03
32.03
32.03
32.02
32.02
32.01
32.01
32.0
32.0
31.99
31.99
31.99
31.98
31.98
31.97
31.97
31.97
31.96
31.96
31.95
31.95
31.94
31.94
31.93
31.93
31.93
31.92
31.92
31.92
31.91
31.91
31.91
31.91
31.9
31.9
31.9
31.89
31.89
31.89
31.88
31.88
31.87
31.87
31.87
31.86
31.86
31.86
31.85
31.85
31.85
31.85
31.84
31.84
31.84
31.84
31.84
31.83
31.83
31.83
31.83
31.83
31.82
31.82
31.82
31.81
31.81
31.81
31.8
31.8
31.79
31.79
31.79
31.78
31.78
31.78
31.78
31.77
31.77
31.77
31.76
31.76
31.76
31.75
31.75
31.75
31.75
31.74
31.74
31.74
31.73
31.73
31.72
31.72
31.72
31.71
31.71
31.71
31.7
31.7
31.7
31.7
31.69
31.69
31.69
31.68
31.68
31.68
31.67
31.67
31.66
31.66
31.66
31.65
31.65
31.64
31.64
31.64
31.63
31.63
31.63
31.63
31.62
31.62
31.62
31.62
31.62
31.61
31.61
31.61
31.61
31.61
31.61
31.6
31.6
31.6
31.6
31.6
31.6
31.59
31.59
31.59
31.59
31.58
31.58
31.58
31.58
31.57
31.57
31.57
31.57
31.56
31.56
31.56
31.55
31.55
31.55
31.54
31.54
31.54
31.54
31.53
31.53
31.53
31.53
31.53
31.52
31.52
31.52
31.52
31.52
31.52
31.51
31.51
31.51
31.51
31.51
31.5
31.5
31.5
31.5
31.49
31.49
31.49
31.48
31.48
31.48
31.48
31.47
31.47
31.47
31.47
31.46
31.46
31.45
31.45
31.45
31.44
31.44
31.43
31.43
31.43
31.43
31.42
31.42
31.42
31.42
31.42
31.41
31.41
31.41
31.41
31.4
31.4
31.4
31.4
31.39
31.39
31.39
31.38
31.38
31.37
31.37
31.37
31.36
31.36
31.36
31.36
31.35
31.35
31.35
31.35
31.35
31.35
31.34
31.34
31.34
31.34
31.33
31.33
31.33
31.32
31.32
31.32
31.32
31.31
31.31
31.31
31.3
31.3
31.3
31.29
31.29
31.29
31.28
31.28
31.28
31.27
31.27
31.27
31.26
31.26
31.25
31.25
31.25
31.24
31.24
31.24
31.24
31.23
31.23
31.23
31.23
31.23
31.22
31.22
31.22
31.22
31.22
31.22
31.21
31.21
31.21
31.21
31.2
31.2
31.19
31.19
31.19
31.18
31.18
31.17
31.17
31.17
31.17
31.16
31.16
31.16
31.16
31.15
31.15
31.15
31.15
31.14
31.14
31.14
31.14
31.13
31.13
31.13
31.12
31.12
31.12
31.11
31.11
31.11
31.1
31.1
31.1
31.1
31.09
31.09
31.09
31.09
31.08
31.08
31.08
31.08
31.07
31.07
31.06
31.06
31.06
31.05
31.05
31.05
31.04
31.04
31.04
31.04
31.04
31.03
31.03
31.03
31.02
31.02
31.02
31.01
31.01
31.01
31.0
31.0
31.0
31.0
31.0
30.99
30.99
30.99
30.99
30.99
30.98
30.98
30.98
30.98
30.97
30.97
30.97
30.96
30.96
30.96
30.96
30.96
30.95
30.95
30.94
30.94
30.93
30.93
30.92
30.92
30.92
30.91
30.91
30.91
30.9
30.9
30.9
30.89
30.89
30.89
30.89
30.88
30.88
30.88
30.88
30.87
30.87
30.87
30.87
30.86
30.86
30.86
30.86
30.85
30.85
30.85
30.85
30.85
30.84
30.84
30.84
30.84
30.83
30.83
30.83
30.83
30.82
30.82
30.82
30.81
30.81
30.81
30.8
30.8
30.8
30.8
30.79
30.79
30.79
30.78
30.78
30.77
30.77
30.76
30.76
30.76
30.75
30.75
30.75
30.74
30.74
30.74
30.73
30.73
30.73
30.73
30.72
30.72
30.72
30.71
30.71
30.71
30.7
30.7
30.7
30.7
30.69
30.69
30.69
30.69
30.69
30.68
30.68
30.68
30.68
30.67
30.67
30.67
30.66
30.66
30.66
30.65
30.65
30.65
30.64
30.64
30.64
30.63
30.63
30.62
30.62
30.62
30.61
30.61
30.61
30.6
30.6
30.59
30.59
30.59
30.59
30.58
30.58
30.58
30.58
30.57
30.57
30.57
30.56
30.56
30.56
30.55
30.55
30.55
30.54
30.54
30.54
30.53
30.53
30.53
30.53
30.52
30.52
30.52
30.51
30.51
30.51
30.51
30.51
30.5
30.5
30.5
30.5
30.49
30.49
30.49
30.48
30.48
30.48
30.48
30.47
30.47
30.47
30.47
30.47
30.46
30.46
30.46
30.45
30.45
30.45
30.44
30.44
30.44
30.44
30.43
30.43
30.43
30.42
30.42
30.42
30.41
30.41
30.4
30.4
30.4
30.4
30.39
30.39
30.39
30.38
30.38
30.38
30.38
30.38
30.37
30.37
30.37
30.37
30.37
30.36
30.36
30.35
30.35
30.35
30.34
30.34
30.34
30.33
30.33
30.33
30.32
30.32
30.31
30.31
30.3
30.3
30.3
30.29
30.29
30.29
30.29
30.29
30.28
30.28
30.28
30.28
30.27
30.27
30.27
30.27
30.26
30.26
30.26
30.25
30.25
30.25
30.25
30.24
30.24
30.24
30.24
30.23
30.23
30.23
30.23
30.22
30.22
30.22
30.22
30.21
30.21
30.21
30.2
30.2
30.2
30.2
30.19
30.19
30.19
30.19
30.18
30.18
30.18
30.18
30.17
30.17
30.17
30.17
30.16
30.16
30.16
30.15
30.15
30.15
30.14
30.14
30.14
30.13
30.13
30.13
30.12
30.12
30.12
30.11
30.11
30.1
30.1
30.1
30.09
30.09
30.08
30.08
30.07
30.07
30.07
30.06
30.06
30.06
30.05
30.05
30.05
30.05
30.04
30.04
30.04
30.03
30.03
30.03
30.02
30.02
30.02
30.02
30.01
30.01
30.0
30.0
30.0
29.99
29.99
29.99
29.98
29.98
29.98
29.97
29.97
29.97
29.97
29.96
29.96
29.96
29.95
29.95
29.95
29.94
29.94
29.94
29.94
29.93
29.93
29.93
29.93
29.92
29.92
29.92
29.92
29.91
29.91
29.91
29.91
29.9
29.9
29.9
29.9
29.9
29.89
29.89
29.89
29.89
29.88
29.88
29.88
29.87
29.87
29.87
29.86
29.86
29.85
29.85
29.85
29.84
29.84
29.84
29.83
29.83
29.82
29.82
29.82
29.82
29.81
29.81
29.81
29.8
29.8
29.8
29.8
29.79
29.79
29.79
29.79
29.78
29.78
29.78
29.78
29.77
29.77
29.77
29.77
29.77
29.76
29.76
29.76
29.75
29.75
29.75
29.74
29.74
29.73
29.73
29.73
29.72
29.72
29.72
29.72
29.71
29.71
29.71
29.71
29.71
29.7
29.7
29.7
29.7
29.7
29.69
29.69
29.69
29.69
29.68
29.68
29.68
29.68
29.67
29.67
29.67
29.66
29.66
29.66
29.65
29.65
29.64
29.64
29.63
29.63
29.63
29.62
29.62
29.62
29.62
29.62
29.61
29.61
29.61
29.61
29.6
29.6
29.6
29.6
29.6
29.59
29.59
29.59
29.58
29.58
29.58
29.58
29.57
29.57
29.57
29.57
29.56
29.56
29.56
29.56
29.56
29.55
29.55
29.55
29.55
29.55
29.54
29.54
29.54
29.54
29.53
29.53
29.53
29.53
29.52
29.52
29.52
29.52
29.52
29.51
29.51
29.51
29.5
29.5
29.5
29.49
29.49
29.49
29.48
29.48
29.48
29.48
29.47
29.47
29.47
29.47
29.46
29.46
29.46
29.46
29.45
29.45
29.45
29.45
29.44
29.44
29.44
29.43
29.43
29.43
29.43
29.42
29.42
29.42
29.42
29.41
29.41
29.41
29.41
29.4
29.4
29.4
29.39
29.39
29.39
29.39
29.38
29.38
29.38
29.38
29.37
29.37
29.37
29.37
29.37
29.36
29.36
29.36
29.36
29.35
29.35
29.35
29.34
29.34
29.33
29.33
29.32
29.32
29.32
29.31
29.31
29.31
29.3
29.3
29.3
29.3
29.29
29.29
29.29
29.28
29.28
29.28
29.27
29.27
29.27
29.27
29.26
29.26
29.26
29.26
29.25
29.25
29.25
29.25
29.25
29.24
29.24
29.24
29.23
29.23
29.23
29.22
29.22
29.22
29.21
29.21
29.21
29.2
29.2
29.2
29.2
29.19
29.19
29.19
29.19
29.18
29.18
29.18
29.17
29.17
29.17
29.16
29.16
29.16
29.15
29.15
29.15
29.15
29.14
29.14
29.14
29.14
29.13
29.13
29.13
29.12
29.12
29.12
29.11
29.11
29.11
29.11
29.1
29.1
29.1
29.1
29.09
29.09
29.09
29.08
29.08
29.08
29.07
29.07
29.07
29.06
29.06
29.06
29.05
29.05
29.05
29.04
29.04
29.04
29.04
29.04
29.03
29.03
29.03
29.03
29.03
29.03
29.02
29.02
29.01
29.01
29.01
29.0
29.0
29.0
28.99
28.99
28.99
28.98
28.98
28.98
28.98
28.97
28.97
28.97
28.96
28.96
28.96
28.96
28.95
28.95
28.95
28.95
28.94
28.94
28.94
28.94
28.93
28.93
28.92
28.92
28.92
28.92
28.91
28.91
28.91
28.91
28.9
28.9
28.9
28.9
28.89
28.89
28.89
28.89
28.88
28.88
28.88
28.88
28.87
28.87
28.87
28.87
28.86
28.86
28.86
28.85
28.85
28.85
28.85
28.84
28.84
28.84
28.83
28.83
28.83
28.82
28.82
28.82
28.82
28.81
28.81
28.81
28.81
28.8
28.8
28.8
28.8
28.8
28.79
28.79
28.79
28.79
28.78
28.78
28.78
28.78
28.77
28.77
28.76
28.76
28.75
28.75
28.74
28.74
28.73
28.73
28.73
28.72
28.72
28.72
28.72
28.72
28.71
28.71
28.71
28.71
28.71
28.7
28.7
28.7
28.7
28.7
28.7
28.69
28.69
28.69
28.69
28.68
28.68
28.68
28.68
28.67
28.67
28.66
28.66
28.66
28.66
28.65
28.65
28.65
28.65
28.64
28.64
28.64
28.64
28.63
28.63
28.63
28.63
28.62
28.62
28.62
28.61
28.61
28.6
28.6
28.59
28.59
28.59
28.58
28.58
28.58
28.57
28.57
28.57
28.57
28.56
28.56
28.56
28.56
28.55
28.55
28.55
28.55
28.55
28.54
28.54
28.54
28.53
28.53
28.53
28.53
28.53
28.52
28.52
28.52
28.52
28.51
28.51
28.51
28.51
28.5
28.5
28.5
28.49
28.49
28.49
28.49
28.49
28.48
28.48
28.48
28.48
28.47
28.47
28.47
28.46
28.46
28.46
28.45
28.45
28.45
28.45
28.44
28.44
28.44
28.44
28.44
28.43
28.43
28.43
28.42
28.42
28.42
28.42
28.42
28.41
28.41
28.41
28.41
28.4
28.4
28.4
28.39
28.39
28.39
28.38
28.38
28.37
28.37
28.37
28.36
28.36
28.36
28.35
28.35
28.34
28.34
28.34
28.34
28.33
28.33
28.33
28.33
28.33
28.32
28.32
28.32
28.32
28.31
28.31
28.31
28.3
28.3
28.3
28.29
28.29
28.29
28.28
28.28
28.27
28.27
28.27
28.26
28.26
28.26
28.26
28.25
28.25
28.25
28.25
28.25
28.24
28.24
28.24
28.24
28.23
28.23
28.22
28.22
28.21
28.21
28.2
28.2
28.19
28.19
28.19
28.19
28.18
28.18
28.18
28.17
28.17
28.17
28.17
28.16
28.16
28.16
28.15
28.15
28.15
28.15
28.14
28.14
28.14
28.14
28.13
28.13
28.13
28.12
28.12
28.12
28.11
28.11
28.1
28.1
28.09
28.09
28.08
28.08
28.08
28.07
28.07
28.07
28.06
28.06
28.06
28.06
28.05
28.05
28.05
28.04
28.04
28.04
28.03
28.03
28.02
28.02
28.02
28.01
28.01
28.0
28.0
28.0
27.99
27.99
27.99
27.98
27.98
27.98
27.98
27.97
27.97
27.97
27.96
27.96
27.96
27.96
27.95
27.95
27.95
27.95
27.94
27.94
27.94
27.94
27.93
27.93
27.93
27.93
27.92
27.92
27.92
27.91
27.91
27.91
27.9
27.9
27.9
27.89
27.89
27.89
27.88
27.88
27.88
27.87
27.87
27.86
27.86
27.85
27.85
27.85
27.84
27.84
27.84
27.83
27.83
27.83
27.82
27.82
27.82
27.82
27.81
27.81
27.81
27.8
27.8
27.79
27.79
27.79
27.78
27.78
27.78
27.77
27.77
27.77
27.77
27.76
27.76
27.76
27.76
27.76
27.75
27.75
27.75
27.75
27.74
27.74
27.74
27.74
27.74
27.73
27.73
27.73
27.73
27.72
27.72
27.72
27.71
27.71
27.71
27.7
27.7
27.69
27.69
27.69
27.68
27.68
27.68
27.68
27.67
27.67
27.67
27.67
27.67
27.67
27.66
27.66
27.66
27.66
27.66
27.65
27.65
27.65
27.64
27.64
27.63
27.63
27.63
27.62
27.62
27.62
27.61
27.61
27.6
27.6
27.59
27.59
27.58
27.58
27.57
27.57
27.57
27.57
27.56
27.56
27.56
27.56
27.55
27.55
27.55
27.55
27.54
27.54
27.54
27.53
27.53
27.53
27.52
27.52
27.52
27.51
27.51
27.51
27.51
27.5
27.5
27.5
27.5
27.5
27.49
27.49
27.49
27.48
27.48
27.48
27.47
27.47
27.46
27.46
27.46
27.45
27.45
27.45
27.45
27.44
27.44
27.43
27.43
27.43
27.42
27.42
27.41
27.41
27.4
27.4
27.4
27.39
27.39
27.38
27.38
27.38
27.37
27.37
27.37
27.36
27.36
27.36
27.36
27.35
27.35
27.35
27.35
27.35
27.35
27.34
27.34
27.34
27.34
27.34
27.34
27.33
27.33
27.33
27.32
27.32
27.32
27.32
27.31
27.31
27.31
27.31
27.31
27.3
27.3
27.29
27.29
27.29
27.28
27.28
27.28
27.28
27.27
27.27
27.27
27.26
27.26
27.26
27.25
27.25
27.25
27.24
27.24
27.24
27.24
27.24
27.23
27.23
27.23
27.22
27.22
27.22
27.21
27.21
27.21
27.2
27.2
27.2
27.19
27.19
27.19
27.18
27.18
27.18
27.17
27.17
27.17
27.17
27.17
27.16
27.16
27.16
27.15
27.15
27.15
27.14
27.14
27.13
27.13
27.13
27.13
27.12
27.12
27.12
27.12
27.12
27.12
27.12
27.11
27.11
27.11
27.11
27.11
27.1
27.1
27.09
27.09
27.08
27.07
27.07
27.06
27.06
27.05
27.05
27.04
27.04
27.04
27.04
27.03
27.03
27.03
27.02
27.02
27.02
27.01
27.01
27.01
27.0
27.0
27.0
26.99
26.99
26.99
26.98
26.98
26.98
26.97
26.97
26.97
26.96
26.96
26.95
26.95
26.94
26.94
26.94
26.93
26.93
26.93
26.92
26.92
26.92
26.92
26.91
26.91
26.91
26.9
26.9
26.9
26.89
26.89
26.89
26.88
26.88
26.87
26.87
26.87
26.86
26.86
26.86
26.85
26.85
26.85
26.84
26.84
26.84
26.83
26.83
26.83
26.83
26.82
26.82
26.82
26.82
26.81
26.81
26.81
26.81
26.8
26.8
26.8
26.8
26.79
26.79
26.79
26.78
26.78
26.78
26.78
26.78
26.77
26.77
26.77
26.77
26.76
26.76
26.76
26.75
26.75
26.75
26.74
26.74
26.73
26.73
26.73
26.73
26.72
26.72
26.72
26.72
26.71
26.71
26.71
26.7
26.7
26.7
26.69
26.69
26.69
26.69
26.68
26.68
26.68
26.68
26.68
26.67
26.67
26.67
26.67
26.67
26.66
26.66
26.66
26.65
26.65
26.64
26.64
26.63
26.63
26.62
26.62
26.62
26.61
26.61
26.61
26.6
26.6
26.6
26.59
26.59
26.59
26.59
26.58
26.58
26.58
26.58
26.57
26.57
26.57
26.56
26.56
26.56
26.55
26.55
26.55
26.55
26.54
26.54
26.54
26.54
26.54
26.53
26.53
26.53
26.53
26.53
26.52
26.52
26.52
26.52
26.51
26.51
26.51
26.5
26.5
26.49
26.49
26.49
26.48
26.48
26.48
26.47
26.47
26.46
26.46
26.46
26.46
26.45
26.45
26.45
26.45
26.45
26.44
26.44
26.44
26.44
26.43
26.43
26.43
26.42
26.42
26.42
26.41
26.41
26.4
26.4
26.4
26.39
26.39
26.38
26.38
26.37
26.37
26.37
26.36
26.36
26.36
26.36
26.35
26.35
26.35
26.34
26.34
26.34
26.34
26.33
26.33
26.32
26.32
26.32
26.31
26.3
26.3
26.29
26.29
26.28
26.28
26.27
26.27
26.27
26.26
26.26
26.25
26.25
26.24
26.24
26.23
26.23
26.22
26.22
26.21
26.21
26.2
26.2
26.19
26.19
26.18
26.18
26.18
26.17
26.17
26.17
26.16
26.16
26.16
26.15
26.15
26.15
26.14
26.14
26.14
26.13
26.13
26.13
26.13
26.12
26.12
26.12
26.11
26.11
26.1
26.1
26.1
26.09
26.09
26.09
26.08
26.08
26.08
26.07
26.07
26.06
26.06
26.06
26.05
26.05
26.05
26.04
26.04
26.03
26.03
26.03
26.02
26.02
26.02
26.01
26.01
26.01
26.0
26.0
26.0
25.99
25.99
25.99
25.98
25.98
25.98
25.98
25.98
25.97
25.97
25.97
25.97
25.96
25.96
25.96
25.96
25.96
25.95
25.95
25.95
25.95
25.95
25.95
25.95
25.95
25.94
25.94
25.94
25.94
25.94
25.94
25.94
25.93
25.93
25.93
25.93
25.93
25.93
25.92
25.92
25.92
25.92
25.92
25.92
25.91
25.91
25.91
25.91
25.91
25.91
25.91
25.9
25.9
25.9
25.89
25.89
25.89
25.88
25.88
25.88
25.87
25.87
25.87
25.87
25.87
25.87
25.87
25.86
25.86
25.86
25.86
25.85
25.85
25.85
25.84
25.84
25.83
25.83
25.83
25.82
25.82
25.82
25.81
25.81
25.81
25.8
25.8
25.8
25.8
25.79
25.79
25.79
25.78
25.78
25.77
25.77
25.76
25.76
25.75
25.75
25.75
25.74
25.74
25.74
25.74
25.74
25.74
25.73
25.73
25.73
25.73
25.73
25.72
25.72
25.72
25.72
25.71
25.71
25.71
25.7
25.7
25.7
25.69
25.69
25.69
25.68
25.68
25.68
25.68
25.68
25.68
25.68
25.67
25.67
25.67
25.67
25.66
25.66
25.66
25.65
25.65
25.64
25.64
25.64
25.63
25.63
25.63
25.62
25.62
25.62
25.61
25.61
25.61
25.61
25.61
25.6
25.6
25.6
25.6
25.6
25.59
25.59
25.59
25.59
25.58
25.58
25.58
25.57
25.57
25.57
25.56
25.56
25.56
25.55
25.55
25.55
25.55
25.54
25.54
25.54
25.53
25.53
25.53
25.53
25.52
25.52
25.52
25.51
25.51
25.51
25.51
25.5
25.5
25.5
25.5
25.49
25.49
25.49
25.48
25.48
25.48
25.47
25.47
25.46
25.46
25.45
25.45
25.44
25.44
25.43
25.43
25.42
25.42
25.42
25.41
25.41
25.4
25.4
25.39
25.39
25.38
25.38
25.37
25.37
25.37
25.36
25.36
25.36
25.35
25.35
25.34
25.34
25.33
25.33
25.32
25.32
25.32
25.31
25.31
25.31
25.3
25.3
25.29
25.29
25.29
25.28
25.28
25.27
25.27
25.26
25.26
25.26
25.25
25.25
25.24
25.24
25.24
25.23
25.23
25.22
25.22
25.21
25.21
25.21
25.2
25.2
25.2
25.2
25.19
25.19
25.19
25.19
25.18
25.18
25.18
25.17
25.17
25.17
25.16
25.16
25.16
25.15
25.15
25.14
25.14
25.14
25.14
25.13
25.13
25.13
25.12
25.12
25.11
25.11
25.11
25.1
25.1
25.09
25.09
25.09
25.08
25.08
25.08
25.08
25.08
25.07
25.07
25.07
25.07
25.06
25.06
25.06
25.06
25.05
25.05
25.05
25.04
25.04
25.04
25.04
25.03
25.03
25.03
25.02
25.02
25.02
25.01
25.01
25.0
25.0
25.0
24.99
24.99
24.99
24.99
24.98
24.98
24.98
24.98
24.97
24.97
24.97
24.97
24.96
24.96
24.96
24.95
24.95
24.95
24.94
24.94
24.94
24.94
24.94
24.94
24.93
24.93
24.93
24.93
24.92
24.92
24.92
24.91
24.91
24.91
24.91
24.9
24.9
24.9
24.9
24.9
24.89
24.89
24.89
24.89
24.88
24.88
24.88
24.88
24.87
24.87
24.87
24.87
24.86
24.86
24.86
24.85
24.85
24.85
24.84
24.84
24.84
24.84
24.83
24.83
24.83
24.82
24.82
24.82
24.81
24.81
24.81
24.8
24.8
24.8
24.8
24.8
24.79
24.79
24.79
24.79
24.78
24.78
24.77
24.77
24.77
24.76
24.76
24.75
24.75
24.75
24.75
24.75
24.74
24.74
24.74
24.74
24.74
24.73
24.73
24.73
24.73
24.72
24.72
24.72
24.72
24.72
24.71
24.71
24.71
24.71
24.7
24.7
24.7
24.7
24.69
24.69
24.69
24.69
24.68
24.68
24.68
24.68
24.67
24.67
24.67
24.66
24.66
24.66
24.66
24.65
24.65
24.65
24.65
24.64
24.64
24.64
24.63
24.63
24.63
24.62
24.62
24.62
24.61
24.61
24.61
24.61
24.6
24.6
24.6
24.6
24.59
24.59
24.59
24.59
24.58
24.58
24.58
24.58
24.58
24.57
24.57
24.57
24.57
24.57
24.56
24.56
24.56
24.56
24.56
24.56
24.55
24.55
24.55
24.55
24.54
24.54
24.54
24.54
24.53
24.53
24.53
24.53
24.53
24.53
24.52
24.52
24.52
24.52
24.52
24.52
24.51
24.51
24.51
24.5
24.5
24.5
24.49
24.49
24.49
24.48
24.48
24.48
24.48
24.47
24.47
24.47
24.47
24.46
24.46
24.46
24.46
24.46
24.46
24.46
24.45
24.45
24.45
24.44
24.44
24.44
24.44
24.43
24.43
24.43
24.43
24.42
24.42
24.42
24.42
24.42
24.42
24.41
24.41
24.41
24.4
24.4
24.4
24.39
24.39
24.39
24.38
24.38
24.38
24.37
24.37
24.37
24.37
24.36
24.36
24.36
24.36
24.36
24.35
24.35
24.35
24.35
24.35
24.34
24.34
24.34
24.34
24.34
24.33
24.33
24.33
24.32
24.32
24.32
24.32
24.31
24.31
24.31
24.3
24.3
24.3
24.29
24.29
24.29
24.28
24.28
24.28
24.28
24.27
24.27
24.27
24.27
24.26
24.26
24.26
24.26
24.25
24.25
24.25
24.25
24.24
24.24
24.24
24.23
24.23
24.23
24.22
24.22
24.22
24.21
24.21
24.21
24.21
24.2
24.2
24.2
24.2
24.2
24.19
24.19
24.19
24.19
24.18
24.18
24.18
24.18
24.17
24.17
24.17
24.17
24.16
24.16
24.16
24.16
24.16
24.15
24.15
24.15
24.14
24.14
24.14
24.13
24.13
24.13
24.12
24.12
24.12
24.11
24.11
24.11
24.1
24.1
24.1
24.1
24.09
24.09
24.09
24.09
24.08
24.08
24.08
24.07
24.07
24.07
24.06
24.06
24.06
24.05
24.05
24.05
24.04
24.04
24.04
24.04
24.03
24.03
24.03
24.03
24.02
24.02
24.02
24.02
24.01
24.01
24.01
24.0
24.0
24.0
24.0
23.99
23.99
23.99
23.99
23.99
23.98
23.98
23.98
23.98
23.98
23.97
23.97
23.97
23.97
23.96
23.96
23.96
23.95
23.95
23.94
23.94
23.94
23.94
23.93
23.93
23.93
23.93
23.93
23.93
23.92
23.92
23.92
23.92
23.92
23.91
23.91
23.91
23.91
23.91
23.9
23.9
23.9
23.89
23.89
23.89
23.89
23.88
23.88
23.87
23.87
23.86
23.86
23.86
23.85
23.85
23.84
23.84
23.84
23.84
23.84
23.83
23.83
23.83
23.83
23.82
23.82
23.82
23.81
23.81
23.81
23.8
23.8
23.8
23.8
23.79
23.79
23.79
23.79
23.78
23.78
23.78
23.78
23.77
23.77
23.77
23.77
23.76
23.76
23.76
23.76
23.76
23.75
23.75
23.75
23.75
23.75
23.74
23.74
23.74
23.74
23.74
23.73
23.73
23.73
23.73
23.72
23.72
23.72
23.71
23.71
23.71
23.7
23.7
23.7
23.69
23.69
23.69
23.69
23.68
23.68
23.68
23.68
23.67
23.67
23.67
23.67
23.66
23.66
23.66
23.65
23.65
23.65
23.65
23.64
23.64
23.64
23.63
23.63
23.63
23.62
23.62
23.62
23.62
23.61
23.61
23.61
23.61
23.6
23.6
23.6
23.6
23.59
23.59
23.59
23.58
23.58
23.58
23.57
23.57
23.56
23.56
23.56
23.55
23.55
23.55
23.54
23.54
23.54
23.54
23.53
23.53
23.53
23.52
23.52
23.51
23.51
23.51
23.51
23.5
23.5
23.5
23.5
23.49
23.49
23.49
23.49
23.49
23.48
23.48
23.48
23.47
23.47
23.47
23.46
23.46
23.46
23.45
23.45
23.44
23.44
23.44
23.44
23.43
23.43
23.43
23.42
23.42
23.42
23.41
23.41
23.41
23.4
23.4
23.4
23.4
23.39
23.39
23.39
23.38
23.38
23.38
23.37
23.37
23.37
23.36
23.36
23.36
23.35
23.35
23.35
23.35
23.34
23.34
23.34
23.34
23.33
23.33
23.33
23.32
23.32
23.32
23.31
23.31
23.31
23.3
23.3
23.3
23.3
23.3
23.29
23.29
23.29
23.28
23.28
23.28
23.27
23.27
23.26
23.26
23.26
23.25
23.25
23.24
23.24
23.24
23.24
23.24
23.23
23.23
23.23
23.22
23.22
23.21
23.21
23.21
23.2
23.2
23.19
23.19
23.19
23.18
23.18
23.18
23.18
23.17
23.17
23.17
23.16
23.16
23.16
23.15
23.15
23.15
23.14
23.14
23.14
23.14
23.14
23.13
23.13
23.13
23.13
23.12
23.12
23.12
23.11
23.11
23.11
23.1
23.1
23.1
23.09
23.09
23.09
23.08
23.08
23.08
23.08
23.07
23.07
23.07
23.06
23.06
23.06
23.05
23.05
23.05
23.04
23.04
23.04
23.04
23.03
23.03
23.03
23.03
23.02
23.02
23.02
23.02
23.01
23.01
23.01
23.0
23.0
23.0
23.0
22.99
22.99
22.99
22.98
22.98
22.98
22.97
22.97
22.97
22.96
22.96
22.96
22.96
22.95
22.95
22.94
22.94
22.94
22.93
22.93
22.92
22.92
22.92
22.92
22.91
22.91
22.91
22.91
22.91
22.91
22.9
22.9
22.9
22.89
22.89
22.89
22.88
22.88
22.88
22.87
22.87
22.87
22.86
22.86
22.86
22.85
22.85
22.85
22.84
22.84
22.84
22.83
22.83
22.83
22.82
22.82
22.82
22.82
22.81
22.81
22.81
22.8
22.8
22.8
22.79
22.79
22.79
22.78
22.78
22.78
22.77
22.77
22.77
22.76
22.76
22.76
22.75
22.75
22.75
22.74
22.74
22.74
22.73
22.73
22.73
22.72
22.72
22.72
22.71
22.71
22.71
22.7
22.7
22.7
22.7
22.7
22.7
22.69
22.69
22.69
22.69
22.68
22.68
22.68
22.68
22.68
22.67
22.67
22.67
22.66
22.66
22.65
22.65
22.65
22.64
22.64
22.64
22.63
22.63
22.63
22.62
22.62
22.62
22.62
22.62
22.61
22.61
22.61
22.6
22.6
22.6
22.59
22.59
22.59
22.58
22.58
22.58
22.58
22.57
22.57
22.57
22.57
22.56
22.56
22.56
22.55
22.55
22.55
22.55
22.54
22.54
22.54
22.54
22.53
22.53
22.53
22.53
22.52
22.52
22.52
22.52
22.52
22.51
22.51
22.51
22.51
22.51
22.5
22.5
22.5
22.49
22.49
22.49
22.49
22.48
22.48
22.48
22.48
22.48
22.48
22.47
22.47
22.47
22.47
22.47
22.46
22.46
22.46
22.45
22.45
22.45
22.44
22.44
22.44
22.43
22.43
22.43
22.43
22.42
22.42
22.42
22.42
22.41
22.41
22.41
22.4
22.4
22.4
22.39
22.39
22.39
22.38
22.38
22.38
22.38
22.38
22.37
22.37
22.37
22.37
22.37
22.36
22.36
22.36
22.36
22.35
22.35
22.35
22.35
22.34
22.34
22.34
22.34
22.33
22.33
22.33
22.33
22.32
22.32
22.32
22.32
22.32
22.31
22.31
22.31
22.3
22.3
22.3
22.3
22.29
22.29
22.29
22.29
22.29
22.29
22.29
22.28
22.28
22.28
22.28
22.27
22.27
22.27
22.26
22.26
22.26
22.25
22.25
22.25
22.24
22.24
22.24
22.23
22.23
22.23
22.23
22.22
22.22
22.22
22.22
22.22
22.21
22.21
22.21
22.21
22.2
22.2
22.2
22.2
22.19
22.19
22.19
22.18
22.18
22.18
22.18
22.18
22.17
22.17
22.17
22.17
22.16
22.16
22.16
22.16
22.15
22.15
22.15
22.14
22.14
22.14
22.13
22.13
22.13
22.12
22.12
22.12
22.11
22.11
22.11
22.1
22.1
22.1
22.1
22.09
22.09
22.09
22.09
22.08
22.08
22.08
22.08
22.07
22.07
22.07
22.06
22.06
22.06
22.05
22.05
22.05
22.04
22.04
22.04
22.03
22.03
22.03
22.02
22.02
22.02
22.01
22.01
22.01
22.01
22.0
22.0
22.0
22.0
21.99
21.99
21.99
21.98
21.98
21.98
21.97
21.97
21.97
21.96
21.96
21.95
21.95
21.95
21.94
21.94
21.94
21.93
21.93
21.93
21.92
21.92
21.92
21.92
21.91
21.91
21.91
21.91
21.9
21.9
21.89
21.89
21.89
21.88
21.88
21.88
21.87
21.87
21.87
21.87
21.87
21.87
21.87
21.87
21.86
21.86
21.86
21.86
21.85
21.85
21.85
21.84
21.84
21.84
21.83
21.83
21.83
21.82
21.82
21.82
21.82
21.81
21.81
21.81
21.81
21.8
21.8
21.8
21.79
21.79
21.79
21.79
21.78
21.78
21.78
21.78
21.77
21.77
21.77
21.77
21.76
21.76
21.76
21.76
21.75
21.75
21.75
21.75
21.75
21.75
21.74
21.74
21.74
21.74
21.73
21.73
21.73
21.73
21.72
21.72
21.72
21.72
21.71
21.71
21.71
21.71
21.7
21.7
21.7
21.7
21.69
21.69
21.69
21.68
21.68
21.68
21.68
21.67
21.67
21.67
21.67
21.66
21.66
21.66
21.66
21.65
21.65
21.65
21.65
21.65
21.64
21.64
21.64
21.63
21.63
21.63
21.62
21.62
21.62
21.62
21.61
21.61
21.61
21.61
21.6
21.6
21.6
21.6
21.59
21.59
21.59
21.58
21.58
21.58
21.57
21.57
21.57
21.57
21.56
21.56
21.56
21.56
21.55
21.55
21.55
21.55
21.55
21.54
21.54
21.54
21.54
21.54
21.53
21.53
21.53
21.52
21.52
21.52
21.52
21.51
21.51
21.51
21.51
21.5
21.5
21.5
21.49
21.49
21.48
21.48
21.48
21.48
21.47
21.47
21.47
21.46
21.46
21.46
21.45
21.45
21.44
21.44
21.44
21.43
21.43
21.43
21.43
21.42
21.42
21.42
21.42
21.42
21.41
21.41
21.41
21.41
21.4
21.4
21.4
21.39
21.39
21.39
21.38
21.38
21.38
21.38
21.37
21.37
21.37
21.36
21.36
21.36
21.35
21.35
21.34
21.34
21.34
21.33
21.33
21.32
21.32
21.32
21.32
21.31
21.31
21.31
21.31
21.31
21.31
21.3
21.3
21.3
21.29
21.29
21.29
21.28
21.28
21.27
21.27
21.27
21.27
21.26
21.26
21.26
21.26
21.25
21.25
21.25
21.25
21.24
21.24
21.24
21.23
21.23
21.23
21.22
21.22
21.22
21.22
21.21
21.21
21.21
21.21
21.2
21.2
21.2
21.19
21.19
21.19
21.18
21.18
21.18
21.17
21.17
21.17
21.17
21.17
21.16
21.16
21.16
21.16
21.16
21.15
21.15
21.15
21.15
21.14
21.14
21.14
21.13
21.13
21.13
21.12
21.12
21.11
21.11
21.11
21.1
21.1
21.1
21.09
21.09
21.09
21.09
21.08
21.08
21.08
21.07
21.07
21.07
21.07
21.06
21.06
21.06
21.06
21.06
21.05
21.05
21.05
21.04
21.04
21.04
21.04
21.03
21.03
21.02
21.02
21.02
21.01
21.01
21.0
21.0
20.99
20.99
20.98
20.98
20.98
20.98
20.97
20.97
20.97
20.96
20.96
20.96
20.95
20.95
20.94
20.94
20.94
20.93
20.93
20.93
20.92
20.92
20.92
20.92
20.91
20.91
20.91
20.91
20.91
20.9
20.9
20.9
20.89
20.89
20.89
20.88
20.88
20.87
20.87
20.87
20.86
20.86
20.85
20.85
20.85
20.85
20.84
20.84
20.84
20.84
20.83
20.83
20.83
20.83
20.82
20.82
20.82
20.82
20.82
20.81
20.81
20.81
20.81
20.81
20.8
20.8
20.8
20.8
20.79
20.79
20.79
20.78
20.78
20.78
20.77
20.77
20.77
20.77
20.76
20.76
20.76
20.75
20.75
20.74
20.74
20.74
20.73
20.73
20.73
20.73
20.73
20.72
20.72
20.72
20.72
20.71
20.71
20.71
20.71
20.71
20.7
20.7
20.7
20.69
20.69
20.69
20.69
20.68
20.68
20.68
20.68
20.67
20.67
20.67
20.66
20.66
20.66
20.65
20.65
20.65
20.64
20.64
20.64
20.63
20.63
20.63
20.62
20.62
20.62
20.62
20.61
20.61
20.61
20.61
20.6
20.6
20.6
20.6
20.59
20.59
20.59
20.59
20.58
20.58
20.57
20.57
20.57
20.56
20.56
20.56
20.55
20.55
20.55
20.55
20.54
20.54
20.54
20.54
20.54
20.53
20.53
20.53
20.53
20.53
20.53
20.52
20.52
20.52
20.51
20.51
20.51
20.5
20.5
20.5
20.5
20.49
20.49
20.49
20.49
20.49
20.48
20.48
20.48
20.48
20.47
20.47
20.47
20.46
20.46
20.46
20.46
20.45
20.45
20.45
20.45
20.45
20.44
20.44
20.44
20.43
20.43
20.43
20.43
20.42
20.42
20.42
20.42
20.41
20.41
20.41
20.4
20.4
20.4
20.4
20.39
20.39
20.39
20.39
20.39
20.38
20.38
20.38
20.38
20.37
20.37
20.37
20.36
20.36
20.35
20.35
20.35
20.35
20.34
20.34
20.34
20.33
20.33
20.33
20.33
20.32
20.32
20.32
20.32
20.31
20.31
20.31
20.31
20.3
20.3
20.3
20.3
20.29
20.29
20.28
20.28
20.28
20.27
20.27
20.26
20.26
20.26
20.25
20.25
20.25
20.25
20.25
20.24
20.24
20.24
20.24
20.23
20.23
20.23
20.23
20.22
20.22
20.22
20.22
20.21
20.21
20.21
20.2
20.2
20.19
20.19
20.19
20.18
20.18
20.18
20.17
20.17
20.17
20.17
20.17
20.16
20.16
20.16
20.15
20.15
20.15
20.15
20.14
20.14
20.14
20.14
20.14
20.13
20.13
20.13
20.13
20.12
20.12
20.12
20.12
20.11
20.11
20.11
20.1
20.1
20.1
20.09
20.09
20.09
20.08
20.08
20.08
20.08
20.07
20.07
20.07
20.07
20.06
20.06
20.06
20.05
20.05
20.05
20.05
20.04
20.04
20.04
20.03
20.03
20.03
20.03
20.02
20.02
20.02
20.01
20.01
20.01
20.0
20.0
20.0
19.99
19.99
19.99
19.99
19.98
19.98
19.98
19.97
19.97
19.97
19.97
19.96
19.96
19.96
19.95
19.95
19.95
19.95
19.95
19.94
19.94
19.93
19.93
19.93
19.92
19.92
19.92
19.92
19.91
19.91
19.91
19.91
19.9
19.9
19.9
19.89
19.89
19.89
19.89
19.88
19.88
19.88
19.87
19.87
19.87
19.86
19.86
19.86
19.86
19.85
19.85
19.85
19.85
19.84
19.84
19.84
19.84
19.83
19.83
19.83
19.82
19.82
19.82
19.81
19.81
19.81
19.81
19.8
19.8
19.8
19.79
19.79
19.79
19.79
19.78
19.78
19.78
19.78
19.77
19.77
19.77
19.77
19.76
19.76
19.76
19.76
19.75
19.75
19.75
19.74
19.74
19.74
19.74
19.73
19.73
19.72
19.72
19.72
19.71
19.71
19.71
19.7
19.7
19.7
19.7
19.7
19.69
19.69
19.69
19.69
19.68
19.68
19.68
19.67
19.67
19.67
19.66
19.66
19.66
19.65
19.65
19.65
19.65
19.64
19.64
19.64
19.64
19.64
19.64
19.63
19.63
19.63
19.63
19.63
19.62
19.62
19.62
19.62
19.61
19.61
19.61
19.6
19.6
19.6
19.59
19.59
19.59
19.58
19.58
19.58
19.58
19.57
19.57
19.57
19.57
19.57
19.56
19.56
19.56
19.56
19.55
19.55
19.55
19.55
19.54
19.54
19.54
19.54
19.54
19.53
19.53
19.53
19.53
19.52
19.52
19.52
19.52
19.51
19.51
19.5
19.5
19.49
19.49
19.49
19.48
19.48
19.48
19.47
19.47
19.47
19.47
19.47
19.46
19.46
19.46
19.46
19.45
19.45
19.45
19.44
19.44
19.43
19.43
19.43
19.43
19.42
19.42
19.42
19.41
19.41
19.41
19.41
19.4
19.4
19.4
19.4
19.39
19.39
19.39
19.38
19.38
19.38
19.38
19.37
19.37
19.37
19.37
19.37
19.36
19.36
19.36
19.36
19.35
19.35
19.35
19.35
19.34
19.34
19.34
19.33
19.33
19.33
19.33
19.32
19.32
19.32
19.31
19.31
19.31
19.3
19.3
19.3
19.29
19.29
19.29
19.28
19.28
19.28
19.28
19.27
19.27
19.27
19.27
19.26
19.26
19.26
19.25
19.25
19.25
19.24
19.24
19.24
19.23
19.23
19.23
19.22
19.22
19.22
19.22
19.22
19.21
19.21
19.21
19.21
19.21
19.2
19.2
19.2
19.2
19.2
19.19
19.19
19.19
19.18
19.18
19.18
19.18
19.17
19.17
19.16
19.16
19.16
19.16
19.15
19.15
19.15
19.15
19.14
19.14
19.14
19.14
19.14
19.14
19.13
19.13
19.13
19.13
19.12
19.12
19.12
19.12
19.11
19.11
19.11
19.1
19.1
19.1
19.09
19.09
19.09
19.08
19.08
19.08
19.07
19.07
19.07
19.07
19.06
19.06
19.06
19.06
19.06
19.06
19.05
19.05
19.05
19.05
19.04
19.04
19.04
19.03
19.03
19.02
19.02
19.01
19.01
19.01
19.0
19.0
18.99
18.99
18.99
18.98
18.98
18.97
18.97
18.97
18.96
18.96
18.95
18.95
18.94
18.94
18.94
18.93
18.93
18.93
18.92
18.92
18.92
18.91
18.91
18.9
18.9
18.9
18.89
18.89
18.89
18.89
18.89
18.88
18.88
18.88
18.88
18.87
18.87
18.87
18.86
18.86
18.86
18.85
18.85
18.85
18.85
18.84
18.84
18.84
18.83
18.83
18.83
18.82
18.82
18.82
18.82
18.81
18.81
18.81
18.81
18.81
18.8
18.8
18.8
18.79
18.79
18.79
18.79
18.78
18.78
18.78
18.77
18.77
18.77
18.76
18.76
18.75
18.75
18.75
18.74
18.74
18.74
18.74
18.74
18.74
18.74
18.73
18.73
18.73
18.73
18.73
18.73
18.73
18.73
18.72
18.72
18.72
18.72
18.72
18.72
18.71
18.71
18.71
18.71
18.7
18.7
18.69
18.69
18.69
18.68
18.68
18.67
18.67
18.67
18.66
18.66
18.65
18.65
18.64
18.64
18.64
18.63
18.63
18.63
18.62
18.62
18.62
18.62
18.62
18.61
18.61
18.61
18.61
18.61
18.6
18.6
18.6
18.6
18.59
18.59
18.59
18.59
18.58
18.58
18.58
18.58
18.57
18.57
18.57
18.56
18.56
18.56
18.55
18.55
18.55
18.55
18.54
18.54
18.54
18.53
18.53
18.52
18.52
18.52
18.51
18.51
18.51
18.5
18.5
18.5
18.49
18.49
18.49
18.48
18.48
18.48
18.47
18.47
18.46
18.46
18.46
18.45
18.45
18.44
18.44
18.44
18.43
18.43
18.42
18.42
18.42
18.41
18.41
18.41
18.4
18.4
18.4
18.4
18.39
18.39
18.39
18.39
18.39
18.38
18.38
18.38
18.37
18.37
18.36
18.36
18.36
18.35
18.35
18.35
18.35
18.34
18.34
18.34
18.34
18.34
18.34
18.34
18.33
18.33
18.33
18.33
18.33
18.33
18.32
18.32
18.32
18.31
18.31
18.31
18.3
18.3
18.3
18.29
18.29
18.29
18.29
18.28
18.28
18.28
18.28
18.28
18.27
18.27
18.27
18.26
18.26
18.26
18.26
18.25
18.25
18.25
18.24
18.24
18.24
18.24
18.23
18.23
18.23
18.23
18.22
18.22
18.22
18.22
18.21
18.21
18.21
18.21
18.2
18.2
18.2
18.19
18.19
18.19
18.19
18.18
18.18
18.18
18.18
18.17
18.17
18.17
18.17
18.16
18.16
18.16
18.15
18.15
18.15
18.14
18.14
18.14
18.13
18.13
18.13
18.13
18.13
18.12
18.12
18.12
18.12
18.11
18.11
18.11
18.11
18.1
18.1
18.1
18.09
18.09
18.09
18.09
18.09
18.09
18.08
18.08
18.08
18.08
18.07
18.07
18.07
18.07
18.06
18.06
18.05
18.05
18.05
18.04
18.04
18.04
18.03
18.03
18.03
18.03
18.02
18.02
18.02
18.02
18.01
18.01
18.01
18.0
18.0
18.0
17.99
17.99
17.99
17.99
17.98
17.98
17.98
17.97
17.97
17.97
17.97
17.96
17.96
17.96
17.95
17.95
17.95
17.95
17.95
17.95
17.94
17.94
17.94
17.94
17.94
17.94
17.94
17.93
17.93
17.92
17.92
17.92
17.91
17.91
17.9
17.9
17.89
17.89
17.88
17.88
17.88
17.87
17.87
17.86
17.86
17.86
17.85
17.85
17.85
17.85
17.85
17.84
17.84
17.84
17.83
17.83
17.83
17.82
17.82
17.81
17.81
17.81
17.8
17.8
17.8
17.79
17.79
17.79
17.78
17.78
17.78
17.78
17.77
17.77
17.77
17.76
17.76
17.76
17.76
17.75
17.75
17.74
17.74
17.74
17.74
17.73
17.73
17.73
17.73
17.72
17.72
17.72
17.71
17.71
17.71
17.7
17.7
17.7
17.69
17.69
17.69
17.68
17.68
17.68
17.68
17.68
17.67
17.67
17.67
17.67
17.67
17.67
17.66
17.66
17.66
17.66
17.66
17.65
17.65
17.65
17.64
17.64
17.64
17.63
17.63
17.63
17.63
17.63
17.62
17.62
17.62
17.62
17.62
17.61
17.61
17.61
17.61
17.6
17.6
17.59
17.59
17.59
17.58
17.58
17.58
17.57
17.57
17.57
17.57
17.57
17.56
17.56
17.56
17.56
17.56
17.55
17.55
17.55
17.54
17.54
17.54
17.53
17.53
17.53
17.53
17.53
17.52
17.52
17.52
17.52
17.52
17.52
17.51
17.51
17.51
17.5
17.5
17.5
17.49
17.49
17.49
17.48
17.48
17.48
17.48
17.47
17.47
17.47
17.47
17.47
17.46
17.46
17.46
17.46
17.45
17.45
17.45
17.45
17.44
17.44
17.44
17.44
17.43
17.43
17.43
17.43
17.42
17.42
17.42
17.42
17.41
17.41
17.41
17.41
17.41
17.4
17.4
17.4
17.4
17.39
17.39
17.39
17.38
17.38
17.38
17.38
17.37
17.37
17.37
17.36
17.36
17.36
17.35
17.35
17.34
17.34
17.34
17.33
17.33
17.33
17.33
17.33
17.32
17.32
17.32
17.32
17.31
17.31
17.31
17.3
17.3
17.3
17.29
17.29
17.29
17.29
17.28
17.28
17.28
17.28
17.27
17.27
17.27
17.26
17.26
17.25
17.25
17.25
17.24
17.24
17.23
17.23
17.23
17.23
17.22
17.22
17.22
17.21
17.21
17.21
17.21
17.2
17.2
17.2
17.19
17.19
17.19
17.19
17.18
17.18
17.18
17.18
17.17
17.17
17.17
17.16
17.16
17.16
17.15
17.15
17.15
17.14
17.14
17.14
17.14
17.13
17.13
17.13
17.13
17.13
17.13
17.12
17.12
17.12
17.12
17.12
17.12
17.11
17.11
17.11
17.1
17.1
17.09
17.09
17.08
17.08
17.07
17.07
17.06
17.06
17.06
17.05
17.05
17.05
17.04
17.04
17.04
17.04
17.04
17.03
17.03
17.03
17.03
17.02
17.02
17.02
17.02
17.01
17.01
17.01
17.0
17.0
16.99
16.99
16.99
16.98
16.98
16.98
16.97
16.97
16.97
16.97
16.97
16.96
16.96
16.96
16.96
16.95
16.95
16.95
16.95
16.94
16.94
16.94
16.93
16.93
16.93
16.92
16.92
16.91
16.91
16.91
16.91
16.91
16.9
16.9
16.9
16.9
16.89
16.89
16.89
16.88
16.88
16.88
16.87
16.87
16.87
16.86
16.86
16.86
16.85
16.85
16.85
16.85
16.84
16.84
16.84
16.84
16.84
16.83
16.83
16.83
16.82
16.82
16.82
16.81
16.81
16.8
16.8
16.8
16.79
16.79
16.79
16.79
16.78
16.78
16.78
16.78
16.77
16.77
16.77
16.76
16.76
16.76
16.76
16.75
16.75
16.75
16.75
16.74
16.74
16.74
16.74
16.73
16.73
16.73
16.73
16.72
16.72
16.72
16.71
16.71
16.71
16.71
16.7
16.7
16.7
16.7
16.69
16.69
16.69
16.69
16.68
16.68
16.68
16.67
16.67
16.66
16.66
16.66
16.65
16.65
16.65
16.65
16.64
16.64
16.64
16.63
16.63
16.63
16.62
16.62
16.61
16.61
16.6
16.6
16.6
16.59
16.59
16.59
16.59
16.58
16.58
16.58
16.57
16.57
16.57
16.57
16.56
16.56
16.56
16.56
16.56
16.56
16.55
16.55
16.55
16.55
16.55
16.54
16.54
16.54
16.53
16.53
16.52
16.52
16.51
16.51
16.51
16.51
16.5
16.5
16.5
16.5
16.49
16.49
16.49
16.49
16.49
16.49
16.49
16.48
16.48
16.48
16.48
16.48
16.47
16.47
16.47
16.47
16.46
16.46
16.46
16.46
16.45
16.45
16.45
16.45
16.44
16.44
16.44
16.44
16.44
16.43
16.43
16.43
16.43
16.43
16.43
16.43
16.43
16.42
16.42
16.42
16.42
16.42
16.41
16.41
16.41
16.41
16.4
16.4
16.39
16.39
16.39
16.39
16.39
16.38
16.38
16.38
16.38
16.38
16.38
16.38
16.38
16.37
16.37
16.37
16.37
16.37
16.37
16.37
16.36
16.36
16.36
16.36
16.36
16.35
16.35
16.35
16.35
16.35
16.35
16.34
16.34
16.34
16.34
16.34
16.34
16.34
16.34
16.34
16.34
16.33
16.33
16.33
16.33
16.33
16.33
16.33
16.33
16.32
16.32
16.32
16.32
16.32
16.31
16.31
16.31
16.31
16.3
16.3
16.3
16.29
16.29
16.29
16.29
16.28
16.28
16.28
16.27
16.27
16.27
16.27
16.26
16.26
16.26
16.25
16.25
16.24
16.24
16.24
16.23
16.23
16.22
16.22
16.21
16.21
16.2
16.2
16.19
16.19
16.19
16.18
16.18
16.17
16.17
16.17
16.16
16.16
16.15
16.15
16.14
16.14
16.13
16.13
16.12
16.12
16.11
16.11
16.11
16.1
16.1
16.1
16.09
16.09
16.09
16.08
16.08
16.08
16.07
16.07
16.07
16.07
16.06
16.06
16.06
16.05
16.05
16.05
16.04
16.04
16.04
16.03
16.03
16.02
16.02
16.02
16.01
16.01
16.01
16.0
16.0
16.0
16.0
15.99
15.99
15.99
15.99
15.98
15.98
15.97
15.97
15.97
15.96
15.96
15.96
15.95
15.95
15.95
15.95
15.94
15.94
15.94
15.94
15.93
15.93
15.93
15.93
15.92
15.92
15.92
15.91
15.91
15.91
15.91
15.9
15.9
15.9
15.89
15.89
15.89
15.88
15.88
15.88
15.88
15.87
15.87
15.87
15.87
15.86
15.86
15.86
15.86
15.85
15.85
15.85
15.85
15.84
15.84
15.84
15.84
15.83
15.83
15.83
15.83
15.83
15.82
15.82
15.82
15.81
15.81
15.81
15.8
15.8
15.8
15.79
15.79
15.78
15.78
15.78
15.78
15.77
15.77
15.77
15.77
15.76
15.76
15.76
15.76
15.75
15.75
15.75
15.74
15.74
15.74
15.73
15.73
15.73
15.73
15.72
15.72
15.71
15.71
15.71
15.7
15.7
15.7
15.69
15.69
15.69
15.69
15.68
15.68
15.68
15.67
15.67
15.66
15.66
15.66
15.65
15.65
15.64
15.64
15.63
15.63
15.63
15.63
15.62
15.62
15.62
15.61
15.61
15.61
15.6
15.6
15.6
15.59
15.59
15.59
15.58
15.58
15.58
15.57
15.57
15.56
15.56
15.56
15.55
15.55
15.55
15.54
15.54
15.54
15.54
15.53
15.53
15.53
15.53
15.52
15.52
15.52
15.51
15.51
15.51
15.5
15.5
15.5
15.49
15.49
15.49
15.49
15.49
15.48
15.48
15.48
15.48
15.47
15.47
15.47
15.47
15.46
15.46
15.46
15.45
15.45
15.45
15.45
15.44
15.44
15.44
15.44
15.43
15.43
15.43
15.43
15.42
15.42
15.42
15.42
15.41
15.41
15.41
15.4
15.4
15.4
15.4
15.4
15.39
15.39
15.39
15.39
15.39
15.39
15.39
15.38
15.38
15.38
15.38
15.38
15.38
15.37
15.37
15.37
15.37
15.37
15.36
15.36
15.36
15.36
15.36
15.36
15.36
15.35
15.35
15.35
15.35
15.35
15.34
15.34
15.34
15.34
15.33
15.33
15.33
15.33
15.32
15.32
15.32
15.32
15.31
15.31
15.31
15.31
15.31
15.3
15.3
15.3
15.3
15.29
15.29
15.29
15.28
15.28
15.28
15.27
15.27
15.27
15.27
15.27
15.26
15.26
15.26
15.26
15.25
15.25
15.25
15.24
15.24
15.24
15.24
15.23
15.23
15.23
15.23
15.22
15.22
15.22
15.22
15.22
15.21
15.21
15.21
15.21
15.21
15.2
15.2
15.2
15.2
15.2
15.19
15.19
15.19
15.19
15.18
15.18
15.18
15.18
15.18
15.17
15.17
15.17
15.17
15.16
15.16
15.16
15.16
15.16
15.16
15.16
15.15
15.15
15.15
15.15
15.15
15.15
15.14
15.14
15.14
15.14
15.14
15.14
15.13
15.13
15.13
15.13
15.12
15.12
15.12
15.12
15.11
15.11
15.11
15.11
15.11
15.11
15.1
15.1
15.1
15.1
15.1
15.1
15.09
15.09
15.09
15.09
15.08
15.08
15.08
15.08
15.07
15.07
15.07
15.07
15.06
15.06
15.06
15.06
15.05
15.05
15.05
15.04
15.04
15.04
15.03
15.03
15.03
15.03
15.03
15.03
15.03
15.02
15.02
15.02
15.02
15.01
15.01
15.01
15.0
15.0
15.0
14.99
14.99
14.99
14.99
14.98
14.98
14.98
14.98
14.98
14.97
14.97
14.97
14.97
14.97
14.96
14.96
14.96
14.95
14.95
14.95
14.94
14.94
14.94
14.93
14.93
14.93
14.92
14.92
14.92
14.92
14.92
14.91
14.91
14.91
14.91
14.91
14.91
14.9
14.9
14.9
14.9
14.9
14.9
14.89
14.89
14.89
14.89
14.89
14.88
14.88
14.88
14.88
14.87
14.87
14.87
14.87
14.86
14.86
14.85
14.85
14.85
14.84
14.84
14.84
14.83
14.83
14.83
14.82
14.82
14.82
14.82
14.81
14.81
14.81
14.81
14.81
14.8
14.8
14.8
14.8
14.8
14.79
14.79
14.79
14.78
14.78
14.78
14.77
14.77
14.77
14.76
14.76
14.76
14.76
14.76
14.75
14.75
14.75
14.75
14.75
14.74
14.74
14.74
14.73
14.73
14.73
14.72
14.72
14.72
14.72
14.71
14.71
14.71
14.7
14.7
14.7
14.69
14.69
14.69
14.69
14.68
14.68
14.68
14.68
14.67
14.67
14.67
14.67
14.67
14.67
14.66
14.66
14.66
14.65
14.65
14.65
14.64
14.64
14.64
14.63
14.63
14.63
14.63
14.62
14.62
14.62
14.62
14.61
14.61
14.61
14.61
14.6
14.6
14.6
14.6
14.6
14.6
14.6
14.59
14.59
14.59
14.59
14.58
14.58
14.57
14.57
14.57
14.56
14.56
14.56
14.55
14.55
14.55
14.55
14.54
14.54
14.54
14.54
14.53
14.53
14.53
14.53
14.52
14.52
14.52
14.52
14.52
14.51
14.51
14.51
14.51
14.5
14.5
14.5
14.49
14.49
14.49
14.49
14.48
14.48
14.48
14.48
14.48
14.47
14.47
14.47
14.46
14.46
14.45
14.45
14.44
14.44
14.44
14.43
14.43
14.43
14.42
14.42
14.42
14.42
14.41
14.41
14.41
14.4
14.4
14.4
14.39
14.39
14.39
14.39
14.38
14.38
14.38
14.38
14.37
14.37
14.37
14.37
14.36
14.36
14.36
14.36
14.35
14.35
14.35
14.34
14.34
14.34
14.33
14.33
14.33
14.32
14.32
14.32
14.32
14.32
14.31
14.31
14.31
14.31
14.31
14.31
14.3
14.3
14.3
14.29
14.29
14.29
14.28
14.28
14.28
14.27
14.27
14.27
14.27
14.26
14.26
14.26
14.26
14.25
14.25
14.25
14.25
14.25
14.24
14.24
14.24
14.24
14.24
14.23
14.23
14.23
14.23
14.22
14.22
14.22
14.21
14.21
14.21
14.21
14.2
14.2
14.2
14.19
14.19
14.19
14.19
14.18
14.18
14.18
14.18
14.17
14.17
14.17
14.17
14.17
14.17
14.16
14.16
14.16
14.16
14.16
14.15
14.15
14.15
14.14
14.14
14.13
14.13
14.13
14.12
14.12
14.11
14.11
14.1
14.1
14.1
14.1
14.1
14.09
14.09
14.09
14.09
14.09
14.08
14.08
14.08
14.08
14.07
14.07
14.07
14.07
14.06
14.06
14.06
14.06
14.05
14.05
14.05
14.04
14.04
14.04
14.03
14.03
14.03
14.02
14.02
14.02
14.02
14.02
14.01
14.01
14.01
14.01
14.01
14.0
14.0
14.0
13.99
13.99
13.99
13.98
13.98
13.98
13.97
13.97
13.97
13.97
13.96
13.96
13.96
13.96
13.96
13.95
13.95
13.95
13.95
13.94
13.94
13.94
13.93
13.93
13.93
13.92
13.92
13.92
13.91
13.91
13.91
13.91
13.91
13.91
13.9
13.9
13.9
13.9
13.9
13.89
13.89
13.89
13.88
13.88
13.88
13.88
13.87
13.87
13.87
13.87
13.87
13.86
13.86
13.86
13.86
13.86
13.86
13.86
13.85
13.85
13.85
13.85
13.85
13.85
13.85
13.84
13.84
13.84
13.84
13.84
13.84
13.83
13.83
13.82
13.82
13.81
13.81
13.8
13.79
13.79
13.78
13.78
13.78
13.78
13.77
13.77
13.77
13.77
13.76
13.76
13.76
13.76
13.75
13.75
13.75
13.75
13.74
13.74
13.74
13.74
13.73
13.73
13.73
13.73
13.73
13.72
13.72
13.72
13.72
13.71
13.71
13.71
13.71
13.7
13.7
13.7
13.7
13.7
13.69
13.69
13.69
13.69
13.68
13.68
13.68
13.67
13.67
13.67
13.67
13.66
13.66
13.66
13.66
13.65
13.65
13.65
13.65
13.64
13.64
13.64
13.64
13.64
13.64
13.63
13.63
13.63
13.63
13.63
13.63
13.62
13.62
13.62
13.62
13.62
13.62
13.61
13.61
13.61
13.61
13.61
13.61
13.6
13.6
13.6
13.6
13.6
13.59
13.59
13.59
13.59
13.58
13.58
13.58
13.57
13.57
13.56
13.56
13.56
13.55
13.55
13.55
13.55
13.54
13.54
13.54
13.54
13.54
13.53
13.53
13.53
13.52
13.52
13.52
13.51
13.51
13.5
13.5
13.5
13.49
13.49
13.49
13.49
13.48
13.48
13.48
13.48
13.48
13.47
13.47
13.47
13.47
13.46
13.46
13.46
13.45
13.45
13.44
13.44
13.43
13.43
13.42
13.42
13.42
13.41
13.41
13.41
13.4
13.4
13.4
13.4
13.4
13.4
13.39
13.39
13.39
13.39
13.39
13.38
13.38
13.38
13.38
13.38
13.37
13.37
13.37
13.37
13.37
13.36
13.36
13.36
13.36
13.36
13.36
13.35
13.35
13.35
13.35
13.35
13.34
13.34
13.34
13.33
13.33
13.33
13.32
13.32
13.32
13.32
13.31
13.31
13.31
13.3
13.3
13.3
13.29
13.29
13.29
13.29
13.29
13.28
13.28
13.28
13.28
13.28
13.28
13.28
13.28
13.28
13.28
13.28
13.28
13.27
13.27
13.27
13.27
13.27
13.26
13.26
13.26
13.25
13.25
13.25
13.24
13.24
13.24
13.23
13.23
13.23
13.22
13.22
13.21
13.21
13.2
13.2
13.2
13.19
13.19
13.19
13.18
13.18
13.17
13.17
13.16
13.16
13.15
13.15
13.14
13.14
13.14
13.13
13.13
13.13
13.13
13.12
13.12
13.12
13.12
13.11
13.11
13.11
13.11
13.1
13.1
13.1
13.09
13.09
13.08
13.08
13.08
13.07
13.07
13.07
13.06
13.06
13.06
13.06
13.05
13.05
13.05
13.04
13.04
13.04
13.04
13.03
13.03
13.03
13.03
13.02
13.02
13.02
13.01
13.01
13.01
13.01
13.0
13.0
13.0
13.0
13.0
12.99
12.99
12.99
12.99
12.98
12.98
12.98
12.97
12.97
12.97
12.97
12.96
12.96
12.96
12.96
12.96
12.96
12.95
12.95
12.95
12.95
12.94
12.94
12.94
12.93
12.93
12.92
12.92
12.92
12.91
12.91
12.91
12.91
12.9
12.9
12.9
12.89
12.89
12.89
12.89
12.89
12.89
12.89
12.89
12.88
12.88
12.88
12.88
12.88
12.88
12.87
12.87
12.87
12.87
12.86
12.86
12.86
12.85
12.85
12.85
12.85
12.84
12.84
12.84
12.84
12.84
12.83
12.83
12.83
12.83
12.83
12.83
12.82
12.82
12.82
12.82
12.82
12.81
12.81
12.81
12.81
12.81
12.81
12.81
12.8
12.8
12.8
12.8
12.79
12.79
12.79
12.79
12.78
12.78
12.78
12.78
12.78
12.77
12.77
12.77
12.77
12.76
12.76
12.76
12.76
12.75
12.75
12.75
12.74
12.74
12.74
12.73
12.73
12.73
12.72
12.72
12.72
12.72
12.71
12.71
12.71
12.71
12.71
12.7
12.7
12.7
12.7
12.7
12.69
12.69
12.69
12.69
12.69
12.69
12.68
12.68
12.68
12.68
12.67
12.67
12.67
12.67
12.66
12.66
12.66
12.65
12.65
12.65
12.64
12.64
12.63
12.63
12.63
12.63
12.62
12.62
12.62
12.62
12.61
12.61
12.61
12.6
12.6
12.6
12.6
12.59
12.59
12.59
12.59
12.58
12.58
12.57
12.57
12.57
12.56
12.56
12.56
12.55
12.55
12.55
12.54
12.54
12.54
12.54
12.53
12.53
12.53
12.52
12.52
12.52
12.51
12.51
12.51
12.51
12.51
12.5
12.5
12.5
12.5
12.5
12.49
12.49
12.49
12.48
12.48
12.48
12.47
12.47
12.47
12.46
12.46
12.46
12.45
12.45
12.45
12.45
12.44
12.44
12.44
12.43
12.43
12.43
12.43
12.43
12.42
12.42
12.42
12.42
12.42
12.42
12.42
12.42
12.42
12.41
12.41
12.41
12.41
12.41
12.4
12.4
12.4
12.4
12.39
12.39
12.39
12.38
12.38
12.38
12.37
12.37
12.37
12.36
12.36
12.36
12.36
12.36
12.35
12.35
12.35
12.35
12.34
12.34
12.34
12.34
12.33
12.33
12.33
12.32
12.32
12.32
12.31
12.31
12.31
12.3
12.3
12.3
12.29
12.29
12.29
12.29
12.29
12.28
12.28
12.28
12.28
12.27
12.27
12.27
12.26
12.26
12.26
12.25
12.25
12.24
12.24
12.24
12.24
12.24
12.23
12.23
12.23
12.23
12.23
12.23
12.22
12.22
12.22
12.22
12.22
12.21
12.21
12.21
12.21
12.21
12.2
12.2
12.2
12.2
12.19
12.19
12.19
12.19
12.18
12.18
12.18
12.18
12.17
12.17
12.17
12.17
12.17
12.16
12.16
12.16
12.16
12.15
12.15
12.15
12.14
12.14
12.14
12.13
12.13
12.13
12.12
12.12
12.12
12.12
12.11
12.11
12.11
12.1
12.1
12.1
12.09
12.09
12.09
12.08
12.08
12.08
12.07
12.07
12.06
12.06
12.06
12.05
12.05
12.04
12.04
12.03
12.03
12.03
12.02
12.02
12.01
12.01
12.01
12.01
12.0
12.0
12.0
11.99
11.99
11.99
11.98
11.98
11.98
11.97
11.97
11.97
11.97
11.96
11.96
11.96
11.95
11.95
11.95
11.94
11.94
11.94
11.93
11.93
11.92
11.92
11.92
11.91
11.91
11.91
11.9
11.9
11.9
11.9
11.9
11.89
11.89
11.89
11.88
11.88
11.88
11.87
11.87
11.87
11.86
11.86
11.86
11.85
11.85
11.84
11.84
11.84
11.83
11.82
11.82
11.81
11.81
11.81
11.8
11.8
11.8
11.79
11.79
11.79
11.79
11.78
11.78
11.78
11.77
11.77
11.77
11.76
11.76
11.76
11.75
11.75
11.75
11.75
11.75
11.74
11.74
11.74
11.74
11.73
11.73
11.73
11.72
11.72
11.72
11.71
11.71
11.7
11.7
11.7
11.7
11.7
11.7
11.69
11.69
11.69
11.69
11.68
11.68
11.68
11.67
11.67
11.67
11.66
11.66
11.66
11.66
11.66
11.65
11.65
11.65
11.64
11.64
11.64
11.63
11.63
11.62
11.62
11.62
11.61
11.61
11.61
11.6
11.6
11.6
11.6
11.59
11.59
11.59
11.59
11.58
11.58
11.58
11.57
11.57
11.57
11.57
11.56
11.56
11.56
11.55
11.55
11.55
11.55
11.54
11.54
11.53
11.53
11.53
11.52
11.52
11.52
11.51
11.51
11.51
11.51
11.5
11.5
11.5
11.5
11.49
11.49
11.48
11.48
11.48
11.47
11.47
11.47
11.46
11.46
11.46
11.46
11.45
11.45
11.45
11.45
11.45
11.44
11.44
11.44
11.43
11.43
11.43
11.43
11.42
11.42
11.42
11.41
11.41
11.41
11.41
11.4
11.4
11.4
11.39
11.39
11.39
11.39
11.38
11.38
11.38
11.37
11.37
11.37
11.36
11.36
11.36
11.36
11.35
11.35
11.35
11.35
11.34
11.34
11.34
11.33
11.33
11.33
11.33
11.32
11.32
11.32
11.32
11.32
11.31
11.31
11.31
11.3
11.3
11.29
11.29
11.29
11.28
11.28
11.27
11.27
11.27
11.26
11.26
11.26
11.26
11.25
11.25
11.25
11.25
11.25
11.24
11.24
11.24
11.24
11.23
11.23
11.23
11.22
11.22
11.21
11.21
11.21
11.21
11.2
11.2
11.2
11.2
11.19
11.19
11.19
11.19
11.18
11.18
11.18
11.17
11.17
11.17
11.17
11.16
11.16
11.16
11.16
11.15
11.15
11.15
11.14
11.14
11.14
11.14
11.13
11.13
11.12
11.12
11.12
11.11
11.11
11.11
11.1
11.1
11.1
11.09
11.09
11.09
11.09
11.09
11.08
11.08
11.08
11.08
11.07
11.07
11.07
11.07
11.06
11.06
11.06
11.05
11.05
11.05
11.05
11.04
11.04
11.04
11.04
11.03
11.03
11.03
11.03
11.03
11.02
11.02
11.02
11.02
11.01
11.01
11.01
11.0
11.0
11.0
11.0
11.0
10.99
10.99
10.99
10.98
10.98
10.98
10.97
10.97
10.97
10.96
10.96
10.96
10.96
10.96
10.95
10.95
10.95
10.95
10.94
10.94
10.94
10.94
10.94
10.93
10.93
10.93
10.92
10.92
10.92
10.91
10.91
10.91
10.9
10.9
10.9
10.89
10.89
10.89
10.89
10.88
10.88
10.88
10.88
10.87
10.87
10.87
10.87
10.86
10.86
10.86
10.86
10.86
10.86
10.86
10.85
10.85
10.85
10.85
10.84
10.84
10.84
10.84
10.83
10.83
10.83
10.83
10.83
10.83
10.82
10.82
10.82
10.82
10.81
10.81
10.8
10.8
10.8
10.79
10.79
10.79
10.79
10.78
10.78
10.78
10.78
10.78
10.78
10.78
10.78
10.77
10.77
10.77
10.77
10.76
10.76
10.76
10.75
10.75
10.75
10.75
10.74
10.74
10.74
10.74
10.74
10.74
10.73
10.73
10.73
10.73
10.72
10.72
10.72
10.72
10.71
10.71
10.71
10.71
10.71
10.7
10.7
10.7
10.7
10.7
10.69
10.69
10.69
10.68
10.68
10.68
10.68
10.67
10.67
10.67
10.67
10.67
10.66
10.66
10.66
10.66
10.65
10.65
10.65
10.64
10.64
10.64
10.64
10.63
10.63
10.63
10.63
10.62
10.62
10.62
10.62
10.61
10.61
10.61
10.6
10.6
10.6
10.6
10.59
10.59
10.59
10.58
10.58
10.58
10.58
10.57
10.57
10.57
10.56
10.56
10.56
10.56
10.55
10.55
10.55
10.55
10.54
10.54
10.54
10.54
10.53
10.53
10.53
10.53
10.52
10.52
10.52
10.52
10.51
10.51
10.51
10.5
10.5
10.5
10.49
10.49
10.49
10.48
10.48
10.47
10.47
10.47
10.47
10.46
10.46
10.46
10.45
10.45
10.45
10.45
10.44
10.44
10.44
10.43
10.43
10.43
10.43
10.42
10.42
10.42
10.41
10.41
10.41
10.41
10.4
10.4
10.4
10.4
10.4
10.4
10.4
10.4
10.4
10.4
10.4
10.39
10.39
10.39
10.39
10.39
10.39
10.38
10.38
10.38
10.37
10.37
10.37
10.36
10.36
10.35
10.34
10.32
10.31
10.29
10.27
10.25
10.23
10.21
10.19
10.16
10.15
10.14
10.13
10.12
10.11
10.09
10.09
10.08
10.08
10.08
10.07
10.06
10.05
10.05
10.05
10.05
10.04
10.03
10.04
10.04
10.03
10.02
10.02
10.02
10.02
10.02
10.03
10.03
10.03
10.03
10.03
10.04
10.05
10.05
10.04
10.03
10.04
10.05
10.05
10.05
10.05
10.05
10.05
10.05
10.05
10.06
10.05
10.05
10.06
10.06
10.06
10.05
10.05
10.06
10.07
10.09
10.11
10.1
10.09
10.11
10.13
10.15
10.17
10.17
10.17
10.17
10.18
10.21
10.2
10.2
10.2
10.2
10.2
10.17
10.18
10.15
10.13
10.1
10.08
10.05
10.03
10.0
9.99
9.98
9.99
9.99
9.97
9.95
9.94
9.94
9.94
9.94
9.94
9.94
9.93
9.92
9.93
9.93
9.91
9.91
9.91
9.91
9.9
9.9
9.89
9.88
9.86
9.86
9.86
9.85
9.84
9.84
9.84
9.84
9.84
9.84
9.83
9.82
9.82
9.82
9.82
9.82
9.82
9.81
9.81
9.81
9.81
9.8
9.8
9.8
9.79
9.79
9.79
9.78
9.77
9.77
9.77
9.77
9.76
9.76
9.76
9.76
9.76
9.76
9.76
9.74
9.74
9.74
9.74
9.74
9.74
9.74
9.73
9.73
9.73
9.72
9.72
9.72
9.72
9.71
9.7
9.7
9.69
9.69
9.69
9.69
9.69
9.68
9.68
9.68
9.67
9.67
9.67
9.67
9.67
9.67
9.67
9.66
9.66
9.66
9.66
9.65
9.64
9.64
9.63
9.62
9.62
9.62
9.6
9.59
9.58
9.57
9.56
9.56
9.56
9.55
9.54
9.53
9.53
9.52
9.52
9.52
9.52
9.51
9.51
9.5
9.5
9.5
9.49
9.49
9.49
9.48
9.48
9.47
9.47
9.47
9.46
9.46
9.45
9.45
9.44
9.44
9.43
9.43
9.42
9.41
9.41
9.41
9.41
9.4
9.39
9.39
9.39
9.39
9.39
9.39
9.39
9.38
9.38
9.37
9.37
9.37
9.36
9.36
9.36
9.36
9.35
9.34
9.34
9.34
9.34
9.34
9.34
9.33
9.33
9.33
9.33
9.33
9.33
9.33
9.32
9.32
9.32
9.32
9.32
9.32
9.32
9.32
9.31
9.31
9.31
9.31
9.3
9.3
9.3
9.3
9.29
9.29
9.29
9.28
9.28
9.28
9.28
9.28
9.28
9.27
9.27
9.27
9.27
9.26
9.26
9.26
9.26
9.26
9.25
9.25
9.24
9.24
9.24
9.23
9.23
9.23
9.23
9.22
9.22
9.22
9.22
9.22
9.22
9.22
9.22
9.21
9.21
9.21
9.21
9.21
9.21
9.21
9.21
9.21
9.2
9.2
9.19
9.19
9.19
9.18
9.18
9.17
9.17
9.17
9.17
9.17
9.16
9.16
9.16
9.16
9.15
9.15
9.15
9.15
9.15
9.14
9.14
9.14
9.13
9.13
9.13
9.12
9.12
9.11
9.11
9.11
9.1
9.1
9.1
9.1
9.09
9.09
9.09
9.09
9.08
9.08
9.08
9.08
9.07
9.07
9.07
9.07
9.06
9.06
9.06
9.06
9.06
9.05
9.05
9.05
9.05
9.04
9.04
9.04
9.04
9.04
9.03
9.03
9.03
9.02
9.02
9.02
9.01
9.01
9.0
9.0
9.0
8.99
8.99
8.99
8.98
8.98
8.98
8.97
8.97
8.97
8.97
8.97
8.96
8.96
8.96
8.96
8.96
8.95
8.95
8.95
8.94
8.94
8.93
8.93
8.93
8.92
8.92
8.92
8.91
8.91
8.91
8.9
8.9
8.9
8.9
8.89
8.89
8.89
8.88
8.88
8.88
8.88
8.87
8.87
8.87
8.87
8.86
8.86
8.86
8.86
8.85
8.85
8.85
8.85
8.84
8.84
8.84
8.84
8.83
8.83
8.83
8.83
8.82
8.82
8.82
8.81
8.81
8.8
8.8
8.79
8.79
8.79
8.78
8.78
8.77
8.77
8.77
8.76
8.76
8.76
8.76
8.75
8.75
8.75
8.74
8.74
8.73
8.73
8.73
8.72
8.72
8.72
8.72
8.71
8.71
8.71
8.71
8.71
8.7
8.7
8.7
8.7
8.7
8.69
8.69
8.69
8.69
8.69
8.68
8.68
8.68
8.68
8.67
8.67
8.67
8.67
8.66
8.66
8.66
8.66
8.65
8.65
8.65
8.64
8.64
8.64
8.63
8.63
8.63
8.62
8.62
8.61
8.61
8.6
8.6
8.59
8.59
8.58
8.58
8.58
8.57
8.57
8.56
8.56
8.56
8.56
8.55
8.55
8.55
8.54
8.54
8.54
8.53
8.53
8.53
8.52
8.52
8.52
8.51
8.51
8.51
8.5
8.5
8.5
8.49
8.49
8.49
8.48
8.48
8.48
8.48
8.47
8.47
8.47
8.47
8.47
8.47
8.47
8.47
8.47
8.46
8.46
8.46
8.46
8.46
8.46
8.46
8.45
8.45
8.45
8.45
8.44
8.44
8.43
8.43
8.43
8.42
8.42
8.41
8.41
8.41
8.41
8.4
8.4
8.4
8.4
8.4
8.39
8.39
8.39
8.39
8.38
8.38
8.38
8.37
8.37
8.36
8.36
8.36
8.35
8.35
8.35
8.35
8.34
8.34
8.34
8.33
8.33
8.33
8.33
8.32
8.32
8.32
8.31
8.31
8.31
8.3
8.3
8.3
8.29
8.29
8.29
8.29
8.29
8.28
8.28
8.28
8.28
8.28
8.27
8.27
8.27
8.26
8.26
8.26
8.25
8.25
8.24
8.24
8.24
8.23
8.23
8.23
8.22
8.22
8.22
8.21
8.21
8.21
8.21
8.21
8.21
8.21
8.2
8.2
8.2
8.2
8.19
8.19
8.19
8.18
8.18
8.18
8.17
8.17
8.17
8.17
8.16
8.16
8.16
8.16
8.15
8.15
8.15
8.15
8.14
8.14
8.14
8.13
8.13
8.13
8.13
8.12
8.12
8.12
8.12
8.12
8.11
8.11
8.11
8.11
8.11
8.11
8.11
8.11
8.11
8.1
8.1
8.1
8.1
8.1
8.1
8.1
8.09
8.09
8.09
8.09
8.09
8.09
8.09
8.08
8.08
8.08
8.08
8.08
8.07
8.07
8.07
8.07
8.07
8.06
8.06
8.06
8.06
8.05
8.05
8.05
8.05
8.04
8.04
8.04
8.03
8.03
8.03
8.02
8.02
8.02
8.01
8.01
8.01
8.01
8.0
8.0
8.0
7.99
7.99
7.99
7.99
7.99
7.98
7.98
7.98
7.98
7.98
7.98
7.97
7.97
7.97
7.97
7.97
7.97
7.96
7.96
7.95
7.95
7.95
7.94
7.93
7.93
7.92
7.91
7.91
7.9
7.89
7.89
7.88
7.88
7.87
7.87
7.87
7.86
7.86
7.86
7.86
7.85
7.85
7.85
7.84
7.84
7.84
7.83
7.83
7.83
7.83
7.82
7.82
7.82
7.81
7.81
7.81
7.8
7.8
7.8
7.79
7.79
7.79
7.79
7.78
7.78
7.78
7.77
7.77
7.77
7.77
7.76
7.76
7.76
7.75
7.75
7.75
7.75
7.74
7.74
7.74
7.73
7.73
7.72
7.72
7.71
7.71
7.7
7.7
7.69
7.69
7.69
7.68
7.68
7.68
7.68
7.68
7.68
7.67
7.67
7.67
7.67
7.66
7.66
7.66
7.65
7.65
7.65
7.64
7.64
7.64
7.63
7.63
7.63
7.63
7.62
7.62
7.62
7.61
7.61
7.61
7.61
7.6
7.6
7.6
7.6
7.6
7.6
7.59
7.59
7.59
7.59
7.59
7.58
7.58
7.58
7.58
7.57
7.57
7.57
7.56
7.56
7.56
7.55
7.55
7.55
7.54
7.54
7.54
7.54
7.54
7.54
7.53
7.53
7.53
7.53
7.53
7.52
7.52
7.52
7.52
7.51
7.51
7.51
7.51
7.51
7.51
7.5
7.5
7.5
7.49
7.49
7.49
7.48
7.48
7.48
7.47
7.47
7.47
7.46
7.46
7.46
7.45
7.45
7.45
7.44
7.44
7.44
7.44
7.44
7.43
7.43
7.43
7.43
7.43
7.43
7.43
7.43
7.43
7.42
7.42
7.42
7.42
7.42
7.41
7.41
7.41
7.41
7.4
7.4
7.4
7.4
7.39
7.39
7.39
7.39
7.38
7.38
7.38
7.38
7.37
7.37
7.37
7.37
7.36
7.36
7.36
7.36
7.36
7.35
7.35
7.35
7.35
7.34
7.34
7.34
7.34
7.33
7.33
7.33
7.32
7.32
7.32
7.32
7.31
7.31
7.31
7.3
7.3
7.3
7.29
7.29
7.29
7.29
7.28
7.28
7.28
7.28
7.28
7.27
7.27
7.27
7.27
7.27
7.26
7.26
7.26
7.25
7.25
7.25
7.24
7.24
7.24
7.24
7.23
7.23
7.23
7.23
7.22
7.22
7.22
7.22
7.22
7.21
7.21
7.21
7.21
7.2
7.2
7.2
7.2
7.19
7.19
7.19
7.19
7.19
7.18
7.18
7.18
7.18
7.18
7.17
7.17
7.17
7.16
7.16
7.16
7.16
7.15
7.15
7.15
7.15
7.15
7.14
7.14
7.14
7.13
7.13
7.13
7.12
7.12
7.11
7.11
7.11
7.11
7.1
7.1
7.1
7.1
7.09
7.09
7.09
7.09
7.09
7.08
7.08
7.08
7.07
7.07
7.07
7.07
7.06
7.06
7.06
7.05
7.05
7.05
7.05
7.04
7.04
7.04
7.04
7.03
7.03
7.03
7.03
7.03
7.02
7.02
7.02
7.02
7.02
7.01
7.01
7.01
7.01
7.01
7.0
7.0
7.0
7.0
7.0
7.0
6.99
6.99
6.99
6.99
6.98
6.98
6.98
6.98
6.97
6.97
6.97
6.96
6.96
6.96
6.95
6.95
6.95
6.94
6.94
6.93
6.93
6.93
6.92
6.92
6.92
6.91
6.91
6.91
6.91
6.91
6.91
6.9
6.9
6.9
6.9
6.9
6.89
6.89
6.89
6.89
6.88
6.88
6.88
6.88
6.87
6.87
6.86
6.86
6.86
6.85
6.85
6.84
6.84
6.84
6.84
6.83
6.83
6.83
6.83
6.82
6.82
6.82
6.81
6.81
6.81
6.8
6.8
6.8
6.79
6.79
6.78
6.78
6.78
6.77
6.77
6.76
6.76
6.75
6.75
6.75
6.75
6.74
6.74
6.74
6.74
6.74
6.74
6.73
6.73
6.73
6.72
6.72
6.72
6.71
6.71
6.7
6.7
6.7
6.7
6.7
6.69
6.69
6.69
6.69
6.69
6.69
6.68
6.68
6.68
6.67
6.67
6.67
6.66
6.66
6.66
6.65
6.65
6.65
6.65
6.64
6.64
6.64
6.64
6.64
6.63
6.63
6.63
6.62
6.62
6.61
6.61
6.61
6.6
6.6
6.6
6.59
6.59
6.58
6.58
6.58
6.58
6.57
6.57
6.57
6.57
6.57
6.56
6.56
6.56
6.55
6.55
6.55
6.55
6.54
6.54
6.54
6.53
6.53
6.53
6.53
6.52
6.52
6.52
6.51
6.51
6.5
6.5
6.49
6.49
6.49
6.48
6.48
6.48
6.48
6.48
6.48
6.47
6.47
6.47
6.47
6.47
6.46
6.46
6.46
6.45
6.45
6.44
6.44
6.44
6.43
6.43
6.43
6.43
6.42
6.42
6.42
6.42
6.42
6.42
6.41
6.41
6.41
6.41
6.4
6.4
6.4
6.39
6.39
6.38
6.38
6.38
6.37
6.37
6.36
6.36
6.36
6.36
6.35
6.35
6.35
6.35
6.35
6.35
6.34
6.34
6.34
6.34
6.34
6.33
6.33
6.33
6.33
6.32
6.32
6.32
6.32
6.31
6.31
6.31
6.31
6.3
6.3
6.3
6.29
6.29
6.29
6.29
6.28
6.28
6.28
6.27
6.27
6.26
6.26
6.26
6.25
6.25
6.24
6.24
6.24
6.24
6.23
6.23
6.23
6.23
6.22
6.22
6.22
6.22
6.22
6.21
6.21
6.21
6.2
6.2
6.2
6.19
6.19
6.19
6.18
6.18
6.17
6.17
6.17
6.17
6.16
6.16
6.16
6.15
6.15
6.15
6.14
6.14
6.14
6.13
6.13
6.13
6.12
6.12
6.12
6.11
6.11
6.11
6.11
6.11
6.1
6.1
6.1
6.1
6.1
6.1
6.09
6.09
6.09
6.09
6.09
6.08
6.08
6.08
6.08
6.08
6.08
6.07
6.07
6.07
6.07
6.06
6.06
6.06
6.06
6.06
6.05
6.05
6.05
6.05
6.04
6.04
6.04
6.03
6.03
6.03
6.02
6.02
6.02
6.01
6.01
6.01
6.01
6.0
6.0
6.0
6.0
6.0
5.99
5.99
5.99
5.99
5.99
5.98
5.98
5.98
5.97
5.97
5.97
5.96
5.96
5.96
5.95
5.95
5.95
5.94
5.94
5.94
5.93
5.93
5.93
5.92
5.92
5.92
5.92
5.92
5.91
5.91
5.91
5.91
5.9
5.9
5.9
5.89
5.89
5.89
5.89
5.89
5.88
5.88
5.88
5.88
5.87
5.87
5.87
5.87
5.86
5.86
5.86
5.86
5.86
5.86
5.85
5.85
5.85
5.85
5.85
5.85
5.85
5.84
5.84
5.84
5.84
5.84
5.84
5.84
5.83
5.83
5.83
5.83
5.82
5.82
5.82
5.82
5.81
5.81
5.81
5.8
5.8
5.8
5.79
5.79
5.79
5.79
5.78
5.78
5.78
5.78
5.78
5.77
5.77
5.77
5.77
5.76
5.76
5.76
5.76
5.75
5.75
5.75
5.75
5.74
5.74
5.74
5.73
5.73
5.73
5.72
5.72
5.72
5.72
5.71
5.71
5.7
5.7
5.7
5.69
5.69
5.69
5.68
5.68
5.68
5.67
5.67
5.67
5.67
5.67
5.67
5.67
5.66
5.66
5.66
5.66
5.65
5.65
5.65
5.65
5.64
5.64
5.64
5.63
5.63
5.63
5.63
5.62
5.62
5.62
5.62
5.61
5.61
5.61
5.61
5.6
5.6
5.6
5.6
5.59
5.59
5.59
5.58
5.58
5.58
5.57
5.57
5.57
5.56
5.56
5.55
5.55
5.55
5.54
5.54
5.54
5.54
5.53
5.53
5.53
5.53
5.52
5.52
5.52
5.52
5.51
5.51
5.51
5.5
5.5
5.5
5.49
5.49
5.49
5.49
5.49
5.48
5.48
5.48
5.48
5.48
5.47
5.47
5.47
5.47
5.47
5.46
5.46
5.46
5.46
5.45
5.45
5.45
5.44
5.44
5.44
5.43
5.43
5.43
5.42
5.42
5.42
5.41
5.41
5.41
5.41
5.41
5.41
5.4
5.4
5.4
5.4
5.4
5.4
5.39
5.39
5.39
5.38
5.38
5.38
5.38
5.37
5.37
5.37
5.37
5.36
5.36
5.36
5.36
5.35
5.35
5.35
5.34
5.34
5.34
5.34
5.34
5.34
5.33
5.33
5.33
5.33
5.32
5.32
5.32
5.32
5.31
5.31
5.31
5.3
5.3
5.3
5.3
5.29
5.29
5.29
5.29
5.29
5.28
5.28
5.28
5.28
5.27
5.27
5.27
5.27
5.26
5.26
5.26
5.25
5.25
5.25
5.24
5.24
5.24
5.23
5.23
5.23
5.23
5.23
5.23
5.22
5.22
5.22
5.22
5.22
5.21
5.21
5.21
5.21
5.2
5.2
5.2
5.19
5.19
5.18
5.18
5.18
5.17
5.17
5.17
5.16
5.16
5.16
5.16
5.15
5.15
5.15
5.14
5.14
5.14
5.14
5.13
5.13
5.13
5.12
5.12
5.12
5.11
5.11
5.11
5.11
5.1
5.1
5.1
5.1
5.1
5.1
5.09
5.09
5.09
5.09
5.08
5.08
5.08
5.08
5.07
5.07
5.07
5.07
5.06
5.06
5.06
5.05
5.05
5.05
5.05
5.04
5.04
5.04
5.04
5.03
5.03
5.03
5.02
5.02
5.02
5.02
5.01
5.01
5.01
5.0
5.0
5.0
5.0
4.99
4.99
4.99
4.98
4.98
4.98
4.97
4.97
4.97
4.97
4.97
4.96
4.96
4.96
4.96
4.95
4.95
4.95
4.94
4.94
4.93
4.93
4.93
4.92
4.92
4.92
4.91
4.91
4.91
4.91
4.91
4.9
4.9
4.9
4.89
4.89
4.89
4.89
4.88
4.88
4.88
4.88
4.88
4.88
4.87
4.87
4.87
4.87
4.87
4.87
4.86
4.86
4.86
4.86
4.86
4.85
4.85
4.85
4.85
4.85
4.84
4.84
4.84
4.84
4.84
4.83
4.83
4.83
4.83
4.83
4.82
4.82
4.82
4.82
4.81
4.81
4.81
4.81
4.8
4.8
4.8
4.79
4.79
4.79
4.78
4.78
4.78
4.77
4.77
4.77
4.77
4.77
4.76
4.76
4.76
4.76
4.76
4.76
4.75
4.75
4.75
4.75
4.74
4.74
4.74
4.74
4.73
4.73
4.73
4.73
4.72
4.72
4.72
4.71
4.71
4.71
4.7
4.7
4.7
4.7
4.69
4.69
4.69
4.69
4.69
4.69
4.69
4.69
4.68
4.68
4.68
4.67
4.67
4.67
4.66
4.66
4.65
4.65
4.65
4.64
4.64
4.64
4.64
4.64
4.63
4.63
4.63
4.62
4.62
4.62
4.61
4.61
4.6
4.6
4.6
4.6
4.6
4.59
4.59
4.59
4.59
4.59
4.58
4.58
4.58
4.58
4.58
4.57
4.57
4.57
4.57
4.57
4.56
4.56
4.56
4.56
4.55
4.55
4.55
4.54
4.54
4.54
4.54
4.53
4.53
4.53
4.53
4.52
4.52
4.52
4.52
4.52
4.51
4.51
4.51
4.51
4.5
4.5
4.5
4.5
4.49
4.49
4.49
4.49
4.49
4.48
4.48
4.48
4.48
4.47
4.47
4.47
4.46
4.46
4.46
4.45
4.45
4.44
4.44
4.44
4.44
4.43
4.43
4.43
4.43
4.42
4.42
4.42
4.42
4.41
4.41
4.41
4.41
4.41
4.4
4.4
4.4
4.4
4.39
4.39
4.39
4.39
4.38
4.38
4.38
4.37
4.37
4.37
4.37
4.36
4.36
4.36
4.35
4.35
4.35
4.35
4.35
4.34
4.34
4.34
4.34
4.33
4.33
4.33
4.32
4.32
4.32
4.32
4.31
4.31
4.31
4.31
4.3
4.3
4.3
4.3
4.29
4.29
4.29
4.29
4.29
4.28
4.28
4.28
4.28
4.28
4.27
4.27
4.27
4.27
4.26
4.26
4.26
4.25
4.25
4.25
4.25
4.24
4.24
4.24
4.24
4.23
4.23
4.23
4.22
4.22
4.22
4.22
4.21
4.21
4.21
4.21
4.2
4.2
4.2
4.2
4.19
4.19
4.19
4.19
4.19
4.18
4.18
4.18
4.18
4.18
4.17
4.17
4.17
4.16
4.16
4.16
4.15
4.15
4.15
4.15
4.14
4.14
4.14
4.14
4.14
4.13
4.13
4.13
4.13
4.13
4.12
4.12
4.12
4.12
4.11
4.11
4.11
4.11
4.1
4.1
4.1
4.1
4.09
4.09
4.09
4.09
4.09
4.08
4.08
4.08
4.08
4.08
4.07
4.07
4.07
4.07
4.06
4.06
4.06
4.06
4.05
4.05
4.05
4.05
4.05
4.04
4.04
4.04
4.03
4.03
4.03
4.03
4.02
4.02
4.02
4.02
4.01
4.01
4.01
4.01
4.0
4.0
4.0
3.99
3.99
3.99
3.99
3.98
3.98
3.98
3.98
3.97
3.97
3.97
3.97
3.97
3.96
3.96
3.96
3.96
3.96
3.95
3.95
3.95
3.95
3.95
3.94
3.94
3.94
3.94
3.94
3.94
3.93
3.93
3.93
3.93
3.93
3.93
3.93
3.93
3.92
3.92
3.92
3.92
3.92
3.91
3.91
3.91
3.91
3.91
3.91
3.9
3.9
3.9
3.9
3.9
3.9
3.89
3.89
3.89
3.89
3.88
3.88
3.88
3.87
3.87
3.87
3.86
3.86
3.86
3.85
3.85
3.84
3.84
3.84
3.83
3.83
3.83
3.82
3.82
3.82
3.81
3.81
3.81
3.81
3.8
3.8
3.8
3.8
3.79
3.79
3.79
3.78
3.78
3.78
3.78
3.77
3.77
3.77
3.77
3.76
3.76
3.76
3.76
3.75
3.75
3.75
3.75
3.75
3.74
3.74
3.74
3.74
3.74
3.73
3.73
3.73
3.73
3.73
3.72
3.72
3.72
3.72
3.71
3.71
3.71
3.71
3.71
3.7
3.7
3.7
3.7
3.7
3.69
3.69
3.69
3.69
3.69
3.68
3.68
3.68
3.68
3.68
3.67
3.67
3.67
3.66
3.66
3.66
3.66
3.65
3.65
3.65
3.65
3.64
3.64
3.64
3.64
3.63
3.63
3.63
3.63
3.62
3.62
3.62
3.61
3.61
3.61
3.61
3.6
3.6
3.6
3.59
3.59
3.59
3.59
3.58
3.58
3.58
3.58
3.57
3.57
3.57
3.57
3.57
3.56
3.56
3.56
3.55
3.55
3.55
3.54
3.54
3.54
3.54
3.54
3.53
3.53
3.53
3.53
3.52
3.52
3.52
3.52
3.51
3.51
3.51
3.51
3.5
3.5
3.5
3.49
3.49
3.49
3.49
3.48
3.48
3.48
3.47
3.47
3.47
3.47
3.46
3.46
3.46
3.45
3.45
3.45
3.44
3.44
3.44
3.44
3.44
3.43
3.43
3.43
3.43
3.42
3.42
3.42
3.41
3.41
3.4
3.4
3.39
3.39
3.39
3.38
3.38
3.38
3.37
3.37
3.37
3.37
3.37
3.36
3.36
3.36
3.36
3.36
3.35
3.35
3.35
3.35
3.35
3.34
3.34
3.34
3.34
3.34
3.34
3.33
3.33
3.33
3.32
3.32
3.32
3.31
3.31
3.31
3.31
3.3
3.3
3.3
3.3
3.29
3.29
3.29
3.29
3.29
3.29
3.29
3.28
3.28
3.28
3.28
3.28
3.28
3.27
3.27
3.27
3.26
3.26
3.26
3.26
3.25
3.25
3.25
3.25
3.24
3.24
3.24
3.24
3.23
3.23
3.23
3.23
3.22
3.22
3.22
3.22
3.22
3.21
3.21
3.21
3.21
3.2
3.2
3.2
3.2
3.19
3.19
3.19
3.19
3.18
3.18
3.18
3.18
3.18
3.18
3.17
3.17
3.17
3.17
3.17
3.16
3.16
3.16
3.16
3.15
3.15
3.15
3.15
3.14
3.14
3.14
3.14
3.13
3.13
3.13
3.13
3.13
3.12
3.12
3.12
3.12
3.11
3.11
3.11
3.1
3.1
3.1
3.09
3.09
3.09
3.09
3.08
3.08
3.08
3.07
3.07
3.07
3.07
3.06
3.06
3.06
3.06
3.05
3.05
3.05
3.04
3.04
3.04
3.04
3.04
3.03
3.03
3.03
3.03
3.02
3.02
3.02
3.02
3.01
3.01
3.01
3.01
3.0
3.0
3.0
2.99
2.99
2.99
2.99
2.98
2.98
2.98
2.98
2.98
2.97
2.97
2.97
2.97
2.96
2.96
2.96
2.96
2.95
2.95
2.95
2.95
2.94
2.94
2.94
2.94
2.93
2.93
2.93
2.92
2.92
2.92
2.91
2.91
2.91
2.9
2.9
2.9
2.9
2.89
2.89
2.89
2.89
2.88
2.88
2.88
2.88
2.87
2.87
2.87
2.86
2.86
2.86
2.86
2.85
2.85
2.85
2.84
2.84
2.84
2.84
2.83
2.83
2.83
2.83
2.82
2.82
2.82
2.82
2.81
2.81
2.81
2.81
2.81
2.8
2.8
2.8
2.8
2.79
2.79
2.79
2.79
2.78
2.78
2.78
2.77
2.77
2.77
2.77
2.76
2.76
2.76
2.75
2.75
2.75
2.75
2.74
2.74
2.74
2.74
2.74
2.74
2.73
2.73
2.73
2.72
2.72
2.72
2.71
2.71
2.7
2.7
2.69
2.69
2.69
2.69
2.68
2.68
2.68
2.68
2.68
2.68
2.67
2.67
2.67
2.67
2.66
2.66
2.66
2.66
2.65
2.65
2.64
2.64
2.64
2.63
2.63
2.63
2.62
2.62
2.61
2.61
2.61
2.61
2.6
2.6
2.6
2.6
2.6
2.59
2.59
2.59
2.58
2.58
2.58
2.57
2.57
2.57
2.57
2.57
2.56
2.56
2.56
2.56
2.55
2.55
2.55
2.55
2.54
2.54
2.54
2.53
2.53
2.53
2.53
2.52
2.52
2.52
2.52
2.51
2.51
2.51
2.51
2.5
2.5
2.5
2.49
2.49
2.49
2.48
2.48
2.48
2.48
2.48
2.47
2.47
2.47
2.47
2.47
2.46
2.46
2.46
2.46
2.45
2.45
2.45
2.45
2.44
2.44
2.44
2.44
2.44
2.44
2.43
2.43
2.43
2.43
2.43
2.43
2.42
2.42
2.42
2.42
2.42
2.41
2.41
2.41
2.4
2.4
2.4
2.39
2.39
2.39
2.38
2.38
2.38
2.38
2.37
2.37
2.37
2.37
2.37
2.36
2.36
2.36
2.36
2.35
2.35
2.35
2.34
2.34
2.34
2.34
2.33
2.33
2.33
2.33
2.33
2.32
2.32
2.32
2.32
2.32
2.32
2.32
2.31
2.31
2.31
2.3
2.3
2.29
2.29
2.29
2.28
2.28
2.28
2.28
2.27
2.27
2.27
2.27
2.27
2.26
2.26
2.26
2.26
2.26
2.25
2.25
2.25
2.25
2.25
2.24
2.24
2.24
2.24
2.24
2.23
2.23
2.23
2.23
2.22
2.22
2.22
2.22
2.21
2.21
2.2
2.2
2.2
2.19
2.19
2.18
2.18
2.18
2.18
2.17
2.17
2.17
2.17
2.16
2.16
2.16
2.15
2.15
2.15
2.15
2.14
2.14
2.14
2.14
2.13
2.13
2.13
2.12
2.12
2.12
2.12
2.12
2.12
2.11
2.11
2.11
2.11
2.11
2.11
2.1
2.1
2.1
2.1
2.09
2.09
2.09
2.08
2.08
2.07
2.07
2.07
2.06
2.06
2.05
2.05
2.05
2.05
2.04
2.04
2.04
2.04
2.04
2.04
2.04
2.03
2.03
2.03
2.02
2.02
2.02
2.01
2.01
2.01
2.01
2.0
2.0
2.0
2.0
1.99
1.99
1.99
1.99
1.99
1.98
1.98
1.98
1.98
1.98
1.98
1.98
1.97
1.97
1.97
1.97
1.96
1.96
1.96
1.96
1.95
1.95
1.95
1.94
1.94
1.94
1.94
1.93
1.93
1.93
1.93
1.92
1.92
1.92
1.92
1.91
1.91
1.91
1.91
1.9
1.9
1.9
1.9
1.9
1.9
1.9
1.89
1.89
1.89
1.89
1.89
1.88
1.88
1.88
1.88
1.87
1.87
1.87
1.86
1.86
1.86
1.86
1.85
1.85
1.85
1.85
1.84
1.84
1.84
1.83
1.83
1.82
1.82
1.82
1.81
1.81
1.81
1.8
1.8
1.8
1.79
1.79
1.79
1.78
1.78
1.78
1.77
1.77
1.76
1.76
1.76
1.76
1.75
1.75
1.75
1.75
1.75
1.74
1.74
1.74
1.74
1.74
1.73
1.73
1.73
1.73
1.72
1.72
1.72
1.72
1.71
1.71
1.71
1.71
1.71
1.71
1.7
1.7
1.7
1.7
1.69
1.69
1.68
1.68
1.68
1.67
1.67
1.67
1.66
1.66
1.66
1.66
1.66
1.66
1.65
1.65
1.65
1.65
1.65
1.65
1.64
1.64
1.64
1.63
1.63
1.63
1.62
1.62
1.62
1.62
1.61
1.61
1.61
1.61
1.61
1.61
1.6
1.6
1.6
1.6
1.6
1.6
1.59
1.59
1.59
1.59
1.59
1.58
1.58
1.58
1.58
1.57
1.57
1.57
1.57
1.57
1.56
1.56
1.56
1.55
1.55
1.55
1.54
1.54
1.54
1.54
1.53
1.53
1.53
1.53
1.53
1.52
1.52
1.52
1.52
1.51
1.51
1.51
1.5
1.5
1.5
1.5
1.5
1.49
1.49
1.49
1.49
1.48
1.48
1.48
1.48
1.47
1.47
1.47
1.47
1.46
1.46
1.46
1.46
1.46
1.46
1.45
1.45
1.45
1.45
1.45
1.44
1.44
1.44
1.44
1.44
1.44
1.44
1.44
1.44
1.43
1.43
1.43
1.43
1.43
1.43
1.43
1.42
1.42
1.42
1.42
1.41
1.41
1.41
1.41
1.4
1.4
1.4
1.4
1.4
1.4
1.4
1.4
1.4
1.39
1.39
1.39
1.39
1.39
1.39
1.39
1.39
1.38
1.38
1.38
1.38
1.38
1.38
